AGE00147719,[(1888, 93.06590257879657, 265.2011494252874), (1889, 87.18213058419244, 260.0740740740741)]
AM000037789,[(1886, 45.172602739726024, null), (1887, 49.21643835616438, null), (1888, -15.262295081967213, null), (1889, 62.76438356164383, null)]
ASN00026026,[(1884, 94.87931034482759, 187.10526315789474), (1885, 93.16712328767123, 182.44729344729345), (1886, 91.87945205479453, 187.35616438356163), (1887, 94.06301369863014, 187.1917808219178), (1888, 91.42622950819673, 189.2431693989071), (1889, 94.78904109589041, 191.25753424657535)]
ASN00033046,[(1889, 224.16949152542372, 291.1551724137931)]
ASN00048013,[(1880, 123.73546511627907, 283.2093023255814), (1881, 139.91242937853107, 273.59322033898303), (1882, 146.96438356164384, 278.4547945205479), (1883, 145.31666666666666, 288.65277777777777), (1884, 149.28142076502732, 288.3169398907104), (1885, 132.01373626373626, 297.6732394366197), (1886, 127.03835616438356, 289.9972602739726), (1887, 126.83013698630137, 272.827397260274), (1888, 124.42349726775956, 306.827868852459), (1889, 138.62739726027397, 293.4739726027397)]
ASN00072151,[(1880, 90.6412213740458, 241.63846153846154), (1881, 89.10526315789474, 225.0), (1882, 63.44656488549618, 228.23282442748092), (1883, 49.28957528957529, 227.58687258687257), (1884, 74.73817034700315, 241.02523659305993), (1885, 80.72757475083057, 240.53177257525084), (1886, 83.14285714285714, 218.99293286219083), (1887, 69.52631578947368, 232.8345864661654), (1888, 48.475095785440615, 255.81992337164752), (1889, 93.14606741573034, 249.98876404494382)]
CA001090660,[(1888, -22.35223880597015, 110.15625), (1889, -21.29639889196676, 80.1606648199446)]
CA006094450,[(1880, 5.4316939890710385, 98.09289617486338), (1881, -8.095238095238095, 86.96666666666667), (1886, 30.017241379310345, 124.98850574712644), (1887, -7.598337950138504, 101.16388888888889), (1888, -9.028011204481793, 87.24649859943978), (1889, 14.408219178082192, 108.74520547945205)]
CA006111766,[(1885, 9.768595041322314, 92.16528925619835), (1886, 7.115068493150685, 113.07945205479452), (1887, 2.649315068493151, 115.52876712328766), (1888, -18.263736263736263, 103.48901098901099), (1889, -1.558904109589041, 115.96986301369863)]
CA006111793,[(1881, 103.9090909090909, 205.11363636363637)]
CA006120315,[(1882, 17.721311475409838, 113.64754098360656), (1883, 7.779944289693593, 110.28969359331477), (1884, 10.54, 115.29799426934098), (1885, -0.13424657534246576, 105.11780821917809), (1886, 14.052054794520547, 121.11780821917809), (1887, 18.087912087912088, 124.91208791208791), (1888, 8.270491803278688, 112.69398907103825), (1889, 25.375342465753423, 123.16438356164383)]
CA006122845,[(1880, 39.63387978142077, 119.19125683060109), (1881, 36.55068493150685, 119.78356164383561), (1882, 41.02465753424657, 119.36986301369863), (1883, 17.027397260273972, 102.45479452054795), (1884, 29.07103825136612, 112.60928961748634), (1885, 10.95068493150685, 97.8986301369863), (1886, 23.065753424657533, 108.66027397260274), (1887, 24.361643835616437, 112.69589041095891)]
CA006155876,[(1882, 18.941176470588236, 106.59663865546219), (1883, 4.183561643835616, 99.62912087912088), (1884, 8.132231404958677, 118.10989010989012), (1885, -1.3424657534246576, 107.40934065934066), (1886, 10.265193370165745, 113.17403314917127), (1887, 9.30110497237569, 117.49447513812154), (1888, -30.008196721311474, 70.04098360655738), (1889, 20.575342465753426, 121.56712328767124)]
CA006158350,[(1880, 30.918032786885245, 118.86065573770492), (1881, 32.93150684931507, 124.21369863013699), (1882, 31.076712328767123, 117.89315068493151), (1883, 6.402739726027397, 100.95616438356164), (1884, 16.516393442622952, 111.07103825136612), (1885, 4.287671232876712, 98.61643835616438), (1886, 18.03287671232877, 110.02739726027397), (1887, 19.356164383561644, 114.6054794520548), (1888, 13.60655737704918, 105.74863387978142), (1889, 32.704109589041096, 118.75068493150685)]
CA006160465,[(1882, -54.561797752808985, 46.70454545454545), (1883, -43.554913294797686, 82.54913294797687), (1884, -35.95, 100.4298245614035), (1885, -42.50898203592814, 96.90390390390391), (1886, -155.41573033707866, -13.910112359550562), (1889, -58.21951219512195, 35.25609756097561)]
CA006163156,[(1888, 26.438095238095237, 145.6904761904762), (1889, -4.002747252747253, 108.51780821917808)]
CA007021954,[(1880, 43.382075471698116, 145.99530516431926), (1881, -1.7743732590529249, 109.73184357541899), (1882, -11.91388888888889, 101.48055555555555), (1883, -24.082872928176794, 97.22375690607734), (1884, 2.6149425287356323, 106.17260273972603), (1885, -20.330532212885153, 98.80672268907563), (1886, -13.456582633053221, 111.30812324929973), (1887, -11.74251497005988, 112.23652694610779)]
CA007023240,[(1880, 5.546448087431694, 105.39617486338798), (1881, 6.938028169014085, 99.94647887323944), (1882, 6.676880222841226, 99.2284122562674), (1883, -11.355371900826446, 90.92561983471074), (1884, 0.3342618384401114, 101.79945054945055), (1885, -10.36986301369863, 85.98630136986301), (1886, -2.2054794520547945, 97.38630136986302), (1887, -7.0, 96.9041095890411), (1888, -6.560109289617486, 87.05737704918033), (1889, 12.024657534246575, 103.5095890410959)]
CA007050790,[(1881, -8.498245614035088, 50.14385964912281), (1882, -7.167123287671233, 62.221917808219175), (1883, -8.832876712328767, 65.28219178082192), (1884, -11.901639344262295, 58.349726775956285), (1885, -4.117808219178082, 66.15068493150685), (1886, 5.101369863013699, 73.67945205479452), (1887, -4.249315068493151, 65.6109589041096), (1888, -3.180327868852459, 65.16120218579235), (1889, 7.271232876712329, 76.8)]
CA008100500,[(1880, -17.0, 87.61980830670926), (1881, -56.85087719298246, 44.016949152542374), (1882, -21.20655737704918, 98.72786885245901), (1883, -48.42238267148014, 75.35018050541517), (1884, -27.674418604651162, 93.61627906976744), (1885, -22.20234604105572, 100.80351906158357), (1886, -23.392156862745097, 104.1484593837535), (1887, -35.76601671309192, 95.36944444444444), (1888, -24.799418604651162, 101.84507042253522), (1889, -2.2521246458923514, 127.47025495750708)]
GM000003319,[(1880, 61.978142076502735, 140.35245901639345), (1881, 48.38082191780822, 125.21095890410959), (1882, 59.33150684931507, 137.9808219178082), (1883, 41.33424657534247, 129.4849315068493), (1884, 46.68852459016394, 137.30327868852459), (1885, 41.463013698630135, 126.40821917808219), (1886, 39.0027397260274, 131.13972602739727), (1887, 49.657534246575345, 121.66027397260274), (1888, 45.48360655737705, 115.98360655737704), (1889, 55.93698630136986, 124.82465753424657)]
KZ000035188,[(1884, -8.494565217391305, null), (1885, -45.01796407185629, null)]
KZ000035700,[(1881, 24.42608695652174, null), (1882, -116.38709677419355, null), (1885, -0.8114754098360656, 43.08139534883721), (1886, null, 118.64657534246575), (1887, null, 244.1138211382114)]
UPM00033587,[(1885, 12.885245901639344, null), (1887, 25.36986301369863, 127.73150684931507), (1888, 20.06528189910979, 127.1839762611276), (1889, 16.19402985074627, 103.96417910447761)]
UPM00033910,[(1885, 53.484931506849314, null), (1886, 56.92328767123288, null), (1887, 62.26575342465753, null), (1889, 52.54545454545455, null)]
USC00034251,[(1880, 124.70604395604396, 217.84615384615384), (1881, 129.92307692307693, 224.0054945054945), (1882, 129.87671232876713, 219.36438356164385), (1883, 121.39118457300276, 222.8870523415978), (1884, 116.27671232876712, 218.35068493150686), (1885, 114.9478021978022, 219.4120879120879), (1886, 104.47397260273972, 204.95342465753424), (1887, 113.04931506849314, 225.16712328767125), (1888, 110.41436464088397, 212.5785123966942), (1889, 117.19832402234637, 218.9607843137255)]
USC00176902,[(1880, 48.833333333333336, 135.327868852459), (1881, 51.01917808219178, 131.18082191780823), (1882, 47.221917808219175, 131.46301369863014), (1883, 33.989041095890414, 125.42191780821918), (1884, 44.61748633879781, 130.39890710382514), (1885, 30.627397260273973, 121.64931506849315), (1886, 26.616438356164384, 111.9041095890411), (1887, 26.54794520547945, 110.62739726027397), (1888, 19.030054644808743, 101.08743169398907), (1889, 42.66849315068493, 119.59178082191781)]
USC00193110,[(1885, 51.282722513089006, 172.61780104712042), (1886, 20.140056022408963, 136.18384401114207), (1887, 7.976109215017065, 117.36054421768708), (1888, -12.824074074074074, 108.50308641975309), (1889, 30.27094972067039, 140.18055555555554)]
USC00194795,[(1885, 74.33061224489796, 178.58775510204083), (1886, 32.88219178082192, 138.87671232876713), (1887, 36.9041095890411, 136.32602739726028), (1888, 25.161643835616438, 125.94808743169399), (1889, 45.48760330578512, 142.58356164383562)]
USC00195145,[(1888, 134.79508196721312, 222.88333333333333), (1889, 97.40579710144928, 165.44174757281553)]
USC00200094,[(1889, 35.98148148148148, 63.7962962962963)]
USC00207097,[(1889, 46.596774193548384, 155.43548387096774)]
USC00215638,[(1886, -9.591780821917808, 103.41208791208791), (1887, -17.575342465753426, 95.30684931506849), (1888, -13.502732240437158, 86.67397260273972), (1889, 3.336986301369863, 115.52876712328766)]
USC00241008,[(1880, 72.0, 239.0)]
USC00262708,[(1888, 78.98897058823529, 218.5970695970696), (1889, 8.494011976047904, 175.83880597014925)]
USC00263040,[(1888, -34.06666666666667, 117.6896551724138), (1889, 27.201117318435752, 179.22128851540617)]
USC00278440,[(1886, 30.936893203883496, 178.1504854368932), (1887, -8.063186813186814, 133.7041095890411), (1888, -10.844262295081966, 121.74590163934427), (1889, 0.0, 322.0)]
USC00300958,[(1886, 30.184782608695652, 119.27173913043478), (1887, 74.07756232686981, 158.05277777777778), (1888, 26.113300492610836, 81.34358974358975), (1889, 45.99173553719008, 116.7457627118644)]
USC00301010,[(1880, 48.650273224043715, 121.90983606557377), (1881, 45.054794520547944, 124.66027397260274), (1882, 46.915068493150685, 119.23561643835616), (1883, 30.5972602739726, 114.75342465753425), (1884, 37.549180327868854, 119.66939890710383), (1885, 27.69041095890411, 108.16438356164383), (1886, 40.44931506849315, 120.83561643835617), (1887, 42.515068493150686, 126.9972602739726), (1888, 32.96448087431694, 108.93989071038251), (1889, 49.484931506849314, 119.78356164383561)]
USC00319462,[(1880, 127.06284153005464, 228.24043715846994), (1881, 135.70958904109588, 224.36712328767123), (1882, 136.21917808219177, 221.1917808219178), (1883, 133.56986301369864, 225.17808219178082), (1884, 136.15027322404373, 229.79781420765028), (1885, 123.69589041095891, 220.62739726027397), (1886, 115.44109589041096, 221.86027397260273), (1887, 117.25205479452055, 219.88219178082193), (1888, 122.5, 217.54644808743168), (1889, 127.9013698630137, 216.013698630137)]
USC00354670,[(1887, 30.09090909090909, 183.9878787878788), (1888, -12.547619047619047, 125.51968503937007)]
USC00435733,[(1887, 18.284313725490197, 131.48692810457516), (1888, -10.702185792349727, 95.7103825136612), (1889, 9.101369863013698, 112.40821917808219)]
USC00456109,[(1880, 43.648648648648646, 137.95810055865923), (1881, 53.09880239520958, 138.45209580838323), (1882, 50.536986301369865, 141.75616438356164), (1883, 52.397260273972606, 146.74246575342465), (1884, 53.53551912568306, 150.35792349726776), (1885, 59.084931506849315, 168.36438356164385), (1886, 53.704109589041096, 155.4931506849315), (1887, 47.15890410958904, 144.1205479452055), (1888, 55.885245901639344, 157.47540983606558), (1889, 54.49315068493151, 165.16164383561645)]
USC00466207,[(1880, 80.82222222222222, 176.125), (1881, 80.30958904109589, 174.22465753424657), (1882, 75.83287671232877, 166.23561643835617), (1883, -21.355555555555554, 77.16666666666667)]
USW00012945,[(1883, 196.2394366197183, 325.92056074766356), (1884, 192.85981308411215, 313.4766355140187), (1885, 198.58695652173913, 301.0869565217391), (1886, 197.00980392156862, 306.4019607843137), (1887, 192.65217391304347, 317.19565217391306), (1888, 193.45054945054946, 297.38461538461536)]
USW00013872,[(1880, 15.403846153846153, 116.11320754716981), (1887, 79.34979423868313, 184.89711934156378), (1889, 73.39944134078212, 190.60055865921788)]
