AGE00147708,[(1886, 128.05498281786942, 255.4794520547945), (1887, 113.0625, 235.2840909090909), (1888, 112.202216066482, 235.26315789473685), (1889, 100.53658536585365, 227.95294117647057)]
AGE00147717,[(1880, 72.45628415300547, 233.9917808219178), (1881, 87.36712328767123, 248.38082191780822), (1882, 18.441666666666666, 238.2054794520548), (1883, 90.51785714285714, 238.77380952380952), (1884, 84.81420765027322, 218.8870056497175), (1885, 75.76415094339623, 235.5693641618497), (1886, 89.64309764309765, 248.92128279883383), (1887, 88.26849315068493, 243.46153846153845), (1888, 77.46556473829202, 235.28925619834712), (1889, 71.63636363636364, 228.19819819819818)]
ASN00065016,[(1880, 112.32786885245902, 264.8415300546448), (1881, 103.78904109589041, 247.46849315068494), (1882, 110.52602739726028, 252.3123287671233), (1883, 98.29752066115702, 238.74520547945207), (1884, 84.03825136612022, 241.94808743169398), (1885, 95.59943977591037, 259.08813559322033), (1886, 94.63013698630137, 237.76954732510288), (1887, 89.51506849315068, 336.9032258064516), (1888, 90.10655737704919, 270.70652173913044), (1889, 130.53698630136986, 239.2986301369863)]
CA001104468,[(1880, 32.540192926045016, 117.016077170418), (1881, 46.33482142857143, 142.12389380530973), (1882, -7.285714285714286, 64.16666666666667)]
CA004016320,[(1883, -18.30841121495327, 102.96261682242991), (1884, -70.48189415041783, 48.51532033426184), (1885, -50.635616438356166, 65.96986301369863), (1886, -53.12054794520548, 74.22465753424657), (1887, -68.13150684931507, 53.153424657534245), (1888, -55.80054644808743, 58.778688524590166), (1889, -34.58904109589041, 102.89315068493151)]
CA005011760,[(1880, null, -144.05882352941177), (1881, -28.142045454545453, 55.106849315068494), (1882, -57.06849315068493, 61.945205479452056), (1883, -91.8958904109589, 37.6), (1884, -83.2103825136612, 45.00819672131148), (1885, -80.2986301369863, 54.81917808219178), (1886, -79.1917808219178, 69.03287671232877), (1887, -86.02465753424657, 57.515068493150686), (1888, -76.51092896174863, 58.17486338797814), (1889, -52.917808219178085, 100.69589041095891)]
CA006055095,[(1882, -35.78260869565217, 50.09782608695652)]
CA006124700,[(1886, 53.546728971962615, 163.093896713615), (1887, 12.852054794520548, 122.84657534246575), (1888, 3.6346153846153846, 110.9945205479452), (1889, 22.254794520547946, 124.04109589041096)]
CA006131388,[(1889, 43.74390243902439, 166.109756097561)]
CA006148100,[(1880, 15.829608938547485, 119.49162011173185), (1881, 13.808219178082192, 129.16438356164383), (1882, 5.047197640117994, 108.42182890855457), (1883, -5.742465753424658, 104.17260273972603), (1884, 3.9972602739726026, 114.6027397260274), (1885, -7.5917808219178085, 98.1945205479452), (1886, 8.073972602739726, 111.4904109589041), (1887, 3.451523545706371, 115.42382271468144), (1888, -1.5867768595041323, 105.58126721763085)]
CA006166416,[(1880, 6.469178082191781, 126.9090909090909), (1881, 10.316993464052288, 131.77777777777777), (1882, 6.112179487179487, 122.7724358974359), (1883, -7.728155339805825, 107.91585760517799), (1884, 11.141643059490084, 123.11614730878188), (1885, -7.942465753424657, 110.5123287671233), (1886, -3.6016483516483517, 118.82142857142857), (1887, -15.690751445086706, 128.6986301369863)]
CA007026465,[(1880, -5.803827751196172, 128.2488038277512), (1881, 37.53005464480874, 151.53296703296704), (1882, -16.892857142857142, 97.89041095890411), (1883, -33.8986301369863, 92.36813186813187), (1884, -19.50137741046832, 100.98626373626374), (1885, -36.172602739726024, 94.18082191780822), (1886, -27.254794520547946, 104.51648351648352), (1887, -29.975274725274726, 99.72054794520548), (1888, -30.44931506849315, 89.19945355191257), (1889, -4.381868131868132, 112.57142857142857)]
GMW00035032,[(1880, 60.59836065573771, 142.06284153005464), (1881, 52.723287671232875, 132.96438356164384), (1882, 60.8, 136.48219178082192), (1883, 58.397260273972606, 136.813698630137), (1884, 64.76775956284153, 144.83879781420765), (1885, 53.8054794520548, 133.75342465753425), (1886, 60.56164383561644, 140.96712328767123), (1887, 48.104109589041094, 125.40273972602739), (1888, 50.177595628415304, 124.22404371584699), (1889, 57.12876712328767, 130.27945205479452)]
HR000142360,[(1881, 62.33698630136986, 139.58356164383562), (1882, 74.46849315068494, 159.6054794520548), (1883, 64.2904109589041, 143.77534246575343), (1884, 68.77595628415301, 149.39617486338798), (1885, 75.21917808219177, 156.75890410958905), (1886, 71.19658119658119, 149.2193732193732), (1887, 65.84383561643835, 146.3123287671233), (1888, 58.73497267759563, 139.34426229508196), (1889, 67.40547945205479, 138.34246575342465)]
RSM00028440,[(1881, -25.5748502994012, null), (1882, -43.97095435684647, null), (1885, -139.86885245901638, -62.08196721311475), (1886, -33.66849315068493, 52.320547945205476), (1888, -43.18852459016394, 89.72540983606558), (1889, -108.23868312757202, 58.41917808219178)]
USC00035186,[(1884, 121.38271604938272, 291.18407960199005), (1885, 167.5, 297.67597765363126), (1886, 180.4240506329114, 301.6158536585366), (1887, 163.37878787878788, 300.29891304347825), (1888, 164.17877094972067, 300.5195530726257), (1889, 131.08878504672896, 260.1121495327103)]
USC00067361,[(1884, -41.01639344262295, 58.01639344262295), (1885, 24.964285714285715, 132.81593406593407), (1886, 27.63141993957704, 131.42296072507554), (1887, 34.06868131868132, 139.78021978021977), (1888, 24.352459016393443, 126.12841530054645), (1889, 48.870523415977964, 145.62809917355372)]
USC00090284,[(1883, -25.0, null), (1884, -26.95, 361.0), (1887, -24.375, null), (1888, -22.142857142857142, null), (1889, -20.130434782608695, null)]
USC00192010,[(1885, 3.265625, null), (1886, -15.75414364640884, 4.387096774193548), (1887, 4.161184210526316, 112.52805280528052), (1888, 18.75414364640884, 128.95580110497238), (1889, 39.010989010989015, 144.87016574585635)]
USC00194360,[(1885, 15.119565217391305, 90.22826086956522), (1886, 46.15890410958904, 126.5095890410959), (1887, 43.74175824175824, 123.66849315068494), (1888, 36.48087431693989, 115.17486338797814), (1889, 58.635820895522386, 131.5313432835821)]
USC00194405,[(1885, 114.17391304347827, 183.22826086956522), (1886, 120.17934782608695, 194.80978260869566), (1887, 123.88586956521739, 191.52717391304347)]
USC00195891,[(1886, -47.0, null), (1887, -47.5, 161.5)]
USC00198375,[(1884, -18.016393442622952, 82.1311475409836), (1885, 27.583561643835615, 149.87123287671233), (1886, 34.205479452054796, 150.4986301369863), (1887, 43.713467048710605, 155.0911680911681), (1888, 23.846575342465755, 138.82465753424657), (1889, 45.136986301369866, 154.26301369863015)]
USC00198960,[(1885, 78.8663101604278, 201.85714285714286), (1886, 34.987096774193546, 155.86996904024767), (1887, 25.35542168674699, 146.10919540229884), (1888, 15.333333333333334, 136.84984984984985), (1889, 44.52842809364549, 147.65814696485623)]
USC00200146,[(1887, 48.49065420560748, 176.39252336448598), (1888, -0.07923497267759563, 124.5), (1889, -13.750915750915752, 118.63157894736842)]
USC00262030,[(1888, null, -140.16666666666666)]
USC00264939,[(1885, 38.83988764044944, 180.15168539325842), (1886, 29.66849315068493, 172.7780821917808), (1887, 15.810958904109588, 171.0082191780822), (1888, 27.866071428571427, 176.73511904761904), (1889, -10.013245033112582, 132.28476821192052)]
USC00266252,[(1888, 14.446022727272727, 183.33879781420765), (1889, 6.798165137614679, 198.57808219178082)]
USC00275072,[(1885, 62.70909090909091, 179.57818181818183), (1886, 37.77124183006536, 157.79738562091504), (1887, 19.231197771587745, 123.18994413407822), (1888, 15.942424242424243, 123.13432835820896), (1889, 28.701219512195124, 132.54954954954954)]
USC00301207,[(1888, -72.57777777777778, 116.05405405405405)]
USC00343300,[(1880, 94.19398907103825, 219.29234972677597), (1881, 107.58630136986301, 231.2869318181818), (1882, 100.11538461538461, 224.8131868131868), (1883, 93.0702479338843, 223.34297520661158), (1884, 118.97282608695652, 250.34782608695653), (1885, 70.64931506849315, 215.25479452054793), (1886, 94.83561643835617, 227.3890410958904), (1887, 97.69315068493151, 227.2958904109589), (1888, 86.22527472527473, 216.1346153846154), (1889, 94.33424657534246, 220.5013698630137)]
USC00354506,[(1887, 35.75471698113208, 187.32075471698113), (1888, -9.5, 110.31651376146789), (1889, 20.49173553719008, 159.85185185185185)]
USC00406012,[(1883, 20.5, 138.45)]
USC00444876,[(1889, 91.79906542056075, 215.83177570093457)]
USC00464045,[(1883, 88.4, 200.74285714285713), (1884, 50.076502732240435, 166.94535519125682), (1885, 40.273972602739725, 148.18406593406593), (1886, 49.153424657534245, 158.3972602739726), (1887, 59.90684931506849, 167.17260273972602), (1888, 59.78338278931751, 148.31420765027323), (1889, -20.903225806451612, 65.06451612903226)]
USW00014936,[(1881, 45.29347826086956, 161.40217391304347), (1882, 5.947945205479452, 133.3178082191781), (1883, -10.898630136986302, 114.93698630136986), (1884, -10.092896174863387, 119.85792349726776), (1885, -1.6465753424657534, 122.10684931506849), (1886, -6.978082191780822, 130.44931506849315), (1887, -13.158904109589042, 121.62465753424658), (1888, -14.172131147540984, 120.0464480874317), (1889, 0.3972602739726027, 138.47397260273974)]
