AGE00147705,[(1886, null, 154.0), (1887, 145.2, 228.2277777777778), (1888, 149.34615384615384, 224.32417582417582), (1889, 144.26666666666668, 220.3910447761194)]
ASN00040214,[(1887, 149.9368131868132, 245.013698630137), (1888, 148.58743169398906, 256.77868852459017), (1889, 160.23013698630137, 255.94794520547944)]
CA001105550,[(1880, 39.055865921787706, 120.70949720670392), (1881, 47.108635097493035, 130.35933147632312), (1882, -19.796610169491526, 30.016949152542374)]
CA003033879,[(1886, 35.877450980392155, 168.83333333333334), (1887, -208.72881355932202, -99.89830508474576)]
CA006068148,[(1887, -1.7933884297520661, 137.39303482587064), (1888, -287.14814814814815, 77.61739130434782), (1889, 1.9743589743589745, 105.82934131736526)]
CA006113660,[(1880, -42.06716417910448, 86.32835820895522), (1881, -36.8159509202454, 115.2469512195122), (1882, -32.384892086330936, 122.36071428571428), (1883, -29.22222222222222, 97.04746835443038), (1884, -8.47985347985348, 108.82051282051282), (1885, -90.37810945273633, 29.218905472636816)]
CA006124127,[(1880, 33.78947368421053, 127.90883977900552), (1881, -41.53146853146853, 125.38028169014085), (1882, null, 123.76571428571428), (1883, 36.296551724137935, 107.92613636363636), (1884, 23.370473537604457, 117.70752089136491), (1885, 9.306358381502891, 106.22543352601156), (1886, 28.01197604790419, 121.08083832335329), (1888, 1.4325153374233128, 99.7760736196319), (1889, 29.501483679525222, 121.19584569732937)]
CA006149625,[(1880, 14.114754098360656, 130.18032786885246), (1881, 11.246575342465754, 133.74246575342465), (1882, 10.225274725274724, 126.48626373626374), (1883, -10.641456582633053, 109.27731092436974), (1884, 2.8961748633879782, 118.37978142076503), (1885, -7.964383561643835, 104.51506849315068), (1886, 4.526027397260274, 117.16712328767123), (1887, 5.472527472527473, 124.50824175824175), (1888, -1.6830601092896176, 114.36338797814207), (1889, 16.63186813186813, 126.34065934065934)]
CA006165195,[(1886, -114.98360655737704, -3.7868852459016393), (1887, -38.93698630136986, 115.81643835616438), (1888, -41.377049180327866, 100.5327868852459), (1889, -15.849315068493151, 117.48493150684932)]
CA007024280,[(1888, -89.9, -3.607843137254902), (1889, -10.550595238095237, 99.92307692307692)]
CA008104600,[(1880, 24.80952380952381, 104.05191256830601), (1881, 17.89041095890411, 102.13698630136986), (1882, 6.008219178082192, 98.35616438356165), (1883, -2.9945205479452053, 94.47671232876712), (1884, 3.978142076502732, 97.93715846994536), (1885, -0.0410958904109589, 97.22465753424657), (1886, 4.671232876712328, 105.6082191780822), (1887, 0.9424657534246575, 100.21369863013699), (1888, -0.1092896174863388, 92.62295081967213), (1889, 18.561643835616437, 113.88219178082191)]
CA008206490,[(1880, 21.87123287671233, 111.58904109589041), (1881, 27.804532577903682, 104.75428571428571), (1882, 22.569014084507042, 91.75071633237822), (1883, 16.506849315068493, 93.3972602739726), (1884, 26.10928961748634, 98.3415300546448), (1885, 25.517808219178082, 107.0864553314121), (1886, 18.29106628242075, 111.35795454545455), (1887, 19.087671232876712, 106.47945205479452), (1888, 22.661202185792348, 91.90163934426229), (1889, 42.11506849315069, 117.1972602739726)]
CA008401600,[(1880, 30.027322404371585, 63.46994535519126)]
CA008403635,[(1889, 55.34975369458128, 126.0935960591133)]
CE000043497,[(1880, 237.01381215469613, 306.5382513661202), (1881, 239.47671232876712, 302.8493150684931), (1882, 236.92876712328768, 301.3424657534247), (1883, 233.986301369863, 300.2191780821918), (1884, 233.15300546448088, 292.77322404371586), (1885, 234.4931506849315, 290.8109589041096), (1886, 233.31506849315068, 288.6011235955056), (1887, 230.06849315068493, 295.44884488448844), (1888, 233.30601092896174, 304.0464480874317), (1889, 235.78082191780823, 306.6876712328767)]
RSM00027051,[(1883, -40.51086956521739, null), (1884, -52.84, null)]
TSE00147775,[(1886, 168.51282051282053, 254.18367346938774), (1887, 155.98554913294797, 229.3984962406015), (1888, 157.72727272727272, 219.51704545454547), (1889, 145.6024096385542, 236.15615615615616)]
TX000038763,[(1883, 211.25, null), (1885, 56.59322033898305, 199.0), (1889, 61.98913043478261, null)]
UK000003026,[(1880, 54.516417910447764, 110.76785714285714), (1881, 40.90958904109589, 98.95342465753424), (1882, 51.1945205479452, 107.4423076923077), (1883, 49.3502994011976, 105.91044776119404), (1884, 50.994535519125684, 109.40710382513662), (1885, 41.23013698630137, 99.8958904109589), (1886, 39.298630136986304, 102.2), (1887, 45.64657534246575, 105.77260273972603), (1888, 43.05191256830601, 101.33060109289617), (1889, 50.75068493150685, 109.16712328767123)]
UK000047811,[(1880, 53.3551912568306, 123.80054644808743), (1881, 46.013698630136986, 115.14520547945206), (1882, 53.42739726027397, 123.57260273972602), (1883, 46.66575342465753, 121.46301369863014), (1884, 49.62841530054645, 129.3551912568306), (1885, 44.06027397260274, 120.25753424657535), (1886, 46.02739726027397, 116.78356164383561), (1887, 46.45205479452055, 123.67945205479452), (1888, 46.28142076502732, 119.22950819672131), (1889, 54.1945205479452, 125.33150684931506)]
UPM00033889,[(1887, 58.777472527472526, 186.91538461538462), (1888, 46.723287671232875, 192.6), (1889, 40.193251533742334, 143.70625)]
USC00012386,[(1889, 95.36363636363636, null)]
USC00023096,[(1883, 161.49382716049382, 306.65432098765433), (1889, 118.90119760479043, 212.73952095808383)]
USC00034562,[(1883, 162.864406779661, 302.7345971563981), (1884, 163.15238095238095, 304.0373831775701), (1885, 154.0193548387097, 311.5388888888889), (1886, 177.35658914728683, 321.07042253521126), (1887, 154.10185185185185, 320.96666666666664), (1888, 199.92929292929293, 310.11242603550295), (1889, 158.89221556886227, 286.47513812154693)]
USC00043157,[(1880, null, 150.98907103825135), (1881, null, 179.92602739726027), (1882, 23.240816326530613, 184.34057971014494), (1883, -10.257534246575343, 170.4904109589041), (1884, 15.836065573770492, 151.80054644808743), (1885, 41.77302631578947, 180.92763157894737), (1886, 28.980821917808218, 159.52307692307693), (1887, 20.432876712328767, 164.04109589041096), (1888, 27.811475409836067, 172.76775956284152), (1889, 28.410958904109588, 175.0)]
USC00064767,[(1880, 42.4207650273224, 156.2295081967213), (1881, 42.8027397260274, 153.1095890410959), (1882, 36.441095890410956, 147.33150684931508), (1883, 28.487671232876714, 145.51232876712328), (1884, 39.87431693989071, 150.3224043715847), (1885, 31.34246575342466, 148.68493150684932), (1886, 35.76438356164383, 148.3972602739726), (1887, 36.44931506849315, 148.23835616438356), (1888, 28.47814207650273, 137.224043715847), (1889, 53.52054794520548, 151.2821917808219)]
USC00171100,[(1888, 30.797385620915033, 117.51633986928104), (1889, 35.8644578313253, 133.11854103343464)]
USC00175070,[(1885, 118.38709677419355, 239.21875), (1886, -109.10526315789474, 205.42857142857142), (1887, -3.625, 242.1), (1888, -21.7, 226.33333333333334), (1889, -33.22222222222222, 235.21428571428572)]
USC00176655,[(1885, 86.89671361502347, 142.33802816901408), (1886, -6.6490066225165565, 41.43046357615894)]
USC00194295,[(1885, 41.29752066115702, 132.6749311294766), (1886, 45.97808219178082, 128.73698630136985), (1887, 51.413698630136984, 132.56986301369864), (1888, 42.013661202185794, 123.80054644808743), (1889, 67.16712328767123, 135.77260273972604)]
USC00196770,[(1886, 48.90909090909091, 168.3262195121951), (1887, 28.750692520775623, 132.81994459833794), (1889, -30.0, -3.225806451612903)]
USC00199731,[(1885, -32.814126394052046, 72.14179104477611), (1886, 21.972375690607734, 122.22714681440443), (1887, 16.177966101694917, 119.36723163841808), (1888, -13.395744680851063, 114.7827868852459)]
USC00202466,[(1889, 149.11290322580646, 272.2096774193548)]
USC00241418,[(1882, -78.0, -11.0)]
USC00252065,[(1889, 181.82051282051282, 292.37068965517244)]
USC00260507,[(1887, -13.340659340659341, 91.17582417582418), (1888, 33.34530386740332, 163.19945355191257), (1889, 17.314685314685313, 175.13636363636363)]
USC00268761,[(1887, -60.645161290322584, 74.1923076923077), (1889, 82.96846846846847, 187.94117647058823)]
USC00275880,[(1889, 65.59469696969697, 176.07142857142858)]
USC00348285,[(1888, 22.0, 183.0)]
USC00367239,[(1884, 1.6065573770491803, 209.34426229508196), (1885, 35.974264705882355, 111.26838235294117), (1886, 40.97534246575343, 119.57260273972602), (1887, 36.79178082191781, 145.43835616438355), (1888, 29.887978142076502, 148.04644808743168), (1889, 47.657534246575345, 161.98626373626374)]
USC00474375,[(1880, 37.86612021857923, 131.75409836065575), (1881, 44.19178082191781, 130.03287671232877), (1882, 46.487671232876714, 130.15616438356165), (1883, 19.465753424657535, 107.31506849315069), (1884, 31.6775956284153, 117.8360655737705), (1885, 27.12876712328767, 113.17260273972603), (1886, 38.49589041095891, 133.27472527472528), (1887, 20.471232876712328, 128.6958904109589), (1888, 13.368852459016393, 109.17213114754098), (1889, 29.269972451790633, 133.90358126721762)]
USC00485355,[(1881, 878.0, 44.0)]
USW00093725,[(1880, 82.8224043715847, 184.05191256830602), (1881, 75.76347305389221, 173.64071856287424), (1882, 82.1972602739726, 177.3068493150685), (1883, 74.31506849315069, 175.42465753424656), (1884, 81.10382513661202, 182.10382513661202), (1885, 55.46027397260274, 168.2931506849315), (1886, 71.98082191780821, 137.4794520547945), (1887, 79.30410958904109, 176.41095890410958), (1888, 73.0464480874317, 169.28415300546447), (1889, 83.17534246575343, 175.21369863013697)]
