ASN00015540,[(1880, 124.64207650273224, 306.5109289617486), (1881, 133.05205479452056, 303.55890410958904), (1882, 133.57260273972602, 284.91506849315067), (1883, 120.37637362637362, 298.05753424657536), (1884, 126.74863387978142, 299.6639344262295), (1885, 118.48901098901099, 296.6849315068493), (1886, 124.30684931506849, 295.1868131868132), (1887, 122.47397260273972, 289.90410958904107), (1888, 133.2554945054945, 301.22677595628414), (1889, 139.15890410958903, 301.213698630137)]
ASN00023000,[(1887, 114.34883720930233, 208.61739130434782), (1888, 121.3224043715847, 227.65027322404373), (1889, 120.32054794520548, 217.01643835616437)]
ASN00031010,[(1889, 228.9655172413793, 306.9032258064516)]
ASN00048030,[(1881, 90.04838709677419, 275.8774834437086), (1882, 112.65650969529086, null), (1883, 104.31506849315069, 290.47633136094674), (1884, 104.02011494252874, 324.625), (1885, 108.1921921921922, 286.26126126126127), (1886, 110.14520547945206, 270.6684931506849), (1887, 105.58630136986301, 284.56986301369864), (1888, 128.224043715847, 299.3415300546448), (1889, 154.96986301369864, 288.18630136986303)]
ASN00052026,[(1880, 127.46666666666667, 278.89722222222224), (1881, 127.7584541062802, 269.9466019417476), (1882, 115.3125, 297.55670103092785), (1883, 115.74550898203593, 275.1556886227545), (1884, 133.22191011235955, 290.6912568306011), (1885, 125.45251396648045, 280.55128205128204), (1886, 128.6821917808219, 258.213698630137), (1887, 123.75342465753425, 253.61904761904762), (1888, 122.95027624309392, 265.27197802197804), (1889, 140.58677685950414, 250.08264462809916)]
ASN00055023,[(1880, 49.127946127946124, 287.1986531986532), (1881, 66.81848184818482, 289.34653465346537), (1882, 111.65530303030303, 296.70075757575756), (1883, 122.55409836065574, 270.2826747720365), (1884, 128.6264705882353, 261.0235294117647), (1885, 126.49683544303798, 248.7594936708861), (1886, 121.34722222222223, 239.02314814814815), (1887, 116.90283400809717, 231.05263157894737), (1888, 127.4, 267.9446808510638), (1889, 142.41596638655463, 281.3529411764706)]
ASN00090015,[(1880, 104.39617486338798, 193.89890710382514), (1881, 102.0, 190.62465753424658), (1882, 100.55068493150685, 192.75068493150684), (1883, 104.08219178082192, 200.096875), (1884, 96.78595317725753, 188.40389972144845), (1885, 91.0813953488372, 181.62258953168043), (1886, 103.85595567867036, 186.70083102493075), (1887, 106.01652892561984, 182.4251700680272), (1888, 103.97540983606558, 181.23626373626374), (1889, 108.27945205479452, 185.81714285714287)]
AU000005901,[(1880, 57.12841530054645, 138.99180327868854), (1881, 47.9013698630137, 122.95068493150686), (1882, 61.057534246575344, 142.06575342465754), (1883, 54.24109589041096, 128.27671232876713), (1884, 56.595628415300546, 135.52732240437157), (1885, 54.057534246575344, 136.6931506849315), (1886, 55.74794520547945, 133.94794520547944), (1887, 49.16712328767123, 124.81369863013698), (1888, 45.44535519125683, 121.6775956284153), (1889, 52.18630136986302, 123.26301369863013)]
AU000006306,[(1880, 45.47540983606557, 131.1830601092896), (1881, 38.41917808219178, 123.01917808219179), (1882, 43.95616438356164, 131.42465753424656), (1883, 39.88767123287671, 123.52328767123288), (1884, 56.71311475409836, 141.04918032786884), (1885, 48.986301369863014, 141.12876712328767), (1886, 54.345205479452055, 139.14520547945204), (1887, 39.61095890410959, 126.2), (1888, 44.20765027322405, 128.1830601092896), (1889, 46.61917808219178, 125.73424657534247)]
CA001101530,[(1881, 57.59327217125382, 149.33639143730886)]
CA003031093,[(1881, -121.71641791044776, 17.029850746268657), (1882, -103.86324786324786, 38.504273504273506), (1884, -30.78804347826087, 104.21739130434783), (1885, -32.34550561797753, 121.79213483146067), (1886, -39.83835616438356, 106.61917808219178), (1887, -54.26575342465753, 81.44383561643835), (1888, -37.97540983606557, 91.42622950819673), (1889, -27.473972602739725, 123.40273972602739)]
CA005012540,[(1885, -10.889795918367346, 133.3045267489712), (1886, -60.68956043956044, 94.63013698630137), (1887, -68.47123287671234, 77.0989010989011), (1888, -63.49726775956284, 78.03551912568307), (1889, -42.52054794520548, 108.9013698630137)]
CA006046588,[(1880, -53.23224043715847, 65.81420765027322), (1881, -37.47945205479452, 77.72876712328767), (1882, -33.67123287671233, 78.12602739726027), (1883, -68.17534246575343, 61.583561643835615), (1884, -54.775956284153004, 64.82786885245902), (1885, -54.772602739726025, 57.772602739726025), (1886, -44.72054794520548, 68.16986301369863), (1887, -49.76986301369863, 63.989041095890414), (1888, -50.31693989071038, 59.560109289617486), (1889, -29.126027397260273, 85.24931506849315)]
CA006057595,[(1889, 24.04, 130.725)]
CA006101658,[(1888, 17.536723163841806, 145.3370786516854), (1889, -10.964383561643835, 117.75616438356164)]
CA006107003,[(1885, 1.79672131147541, 129.33770491803278), (1886, -21.5, 107.96338028169014), (1887, -24.707988980716255, 110.72176308539945), (1888, -14.48396501457726, 117.25217391304348), (1889, -7.915966386554622, 121.88397790055248)]
CA006119064,[(1886, -7.451086956521739, 124.64673913043478), (1887, -38.12876712328767, 99.2986301369863), (1888, -53.81693989071038, 93.91808873720136), (1889, -25.03361344537815, 107.26610644257703)]
CA006136335,[(1889, 33.01176470588236, 88.4)]
CA006141843,[(1880, -63.21739130434783, 29.119565217391305), (1881, 9.623626373626374, 126.59504132231405), (1882, 7.544198895027624, 112.0939226519337), (1883, -13.346153846153847, 96.5702479338843), (1884, -70.69491525423729, 31.920454545454547), (1885, -17.28767123287671, 100.03561643835616), (1886, 2.813698630136986, 110.67671232876712), (1887, 2.8493150684931505, 112.75068493150685), (1888, -3.040983606557377, 102.8415300546448), (1889, 13.243835616438357, 117.87945205479453)]
CA006142284,[(1882, 7.8273972602739725, 108.92328767123287), (1883, -9.26801152737752, 96.95348837209302), (1885, -4.3076923076923075, 96.36438356164383), (1886, 5.989041095890411, 104.04109589041096), (1887, 5.698630136986301, 109.34520547945205), (1888, 2.2868852459016393, 99.90163934426229), (1889, 22.243835616438357, 115.58630136986301)]
CA006153192,[(1880, 32.54644808743169, 140.3415300546448), (1881, 17.84931506849315, 148.86301369863014), (1882, 13.64931506849315, 140.24383561643836), (1883, 0.07945205479452055, 125.9013698630137), (1884, 10.376373626373626, 137.3598901098901), (1885, -5.843406593406593, 121.12087912087912), (1886, 6.336986301369863, 132.7123287671233), (1887, -6.440828402366864, 136.5596590909091), (1888, -58.50847457627118, 55.78846153846154)]
CA008101230,[(1880, -123.74193548387096, -24.35483870967742), (1888, -14.827868852459016, 85.39071038251366), (1889, 9.873972602739727, 97.22465753424657)]
DA000025140,[(1880, 55.58126721763085, 113.04383561643836), (1881, 36.895890410958906, 91.91780821917808), (1882, 59.20879120879121, 109.73150684931507), (1883, 52.04931506849315, 105.84109589041095), (1884, 56.494535519125684, 113.79234972677595), (1885, 46.07397260273972, 100.40821917808219), (1886, 46.032876712328765, 100.41917808219178), (1887, 42.602739726027394, 99.67397260273972), (1888, 41.0, 91.39071038251366), (1889, 52.47945205479452, 107.84657534246575)]
EIE00101859,[(1880, 65.0327868852459, 139.19672131147541), (1881, 61.12181303116147, 127.78753541076487), (1882, 49.23913043478261, 98.97826086956522), (1883, 65.11849710982659, 129.71098265895955), (1884, 72.27123287671233, 134.5136612021858), (1885, 63.85753424657534, 130.31506849315068), (1886, 66.25479452054795, 128.55616438356165), (1887, 65.73972602739725, 137.96712328767123), (1888, 67.7817679558011, 133.2258953168044), (1889, 72.71703296703296, 137.3543956043956)]
EZE00100082,[(1880, 58.71857923497268, 130.62568306010928), (1881, 47.778082191780825, 116.31506849315069), (1882, 61.273972602739725, 129.17808219178082), (1883, 55.1945205479452, 122.53972602739726), (1884, 60.1448087431694, 130.0655737704918), (1885, 56.967123287671235, 128.1068493150685), (1886, 58.893150684931506, 128.96438356164384), (1887, 48.942465753424656, 116.68219178082192), (1888, 49.27049180327869, 116.44535519125684), (1889, 56.16438356164384, 120.59178082191781)]
GLE00100981,[(1880, -36.093877551020405, null), (1881, -74.66575342465754, null), (1882, -104.91506849315068, null), (1883, -85.47397260273972, null), (1884, -126.18611111111112, null), (1885, -83.55681818181819, null), (1886, -104.61369863013698, null), (1887, -111.71954674220963, null), (1888, -93.74590163934427, null), (1889, -89.23287671232876, null)]
RSM00022845,[(1886, 0.6306306306306306, null), (1887, -67.64238410596026, null)]
RSM00030710,[(1887, -78.5068493150685, 65.66027397260274), (1888, -86.73770491803279, 55.71584699453552), (1889, -91.28493150684932, 47.18904109589041)]
TX000038895,[(1889, 48.888888888888886, null)]
USC00068138,[(1888, 63.52336448598131, 167.39252336448598), (1889, 40.797260273972604, 129.39221556886227)]
USC00090430,[(1884, 129.4, 250.78775510204082), (1885, 86.02465753424657, 201.74794520547945), (1886, 92.55068493150685, 203.45205479452054), (1887, 97.56712328767124, 198.5808219178082), (1888, 106.56557377049181, 222.84426229508196), (1889, 113.68493150684931, 214.6027397260274)]
USC00193625,[(1885, -3.5543478260869565, null), (1886, 26.23076923076923, null), (1887, 27.635616438356163, null), (1888, 20.24858757062147, 383.0), (1889, 41.889830508474574, null)]
USC00195317,[(1887, -16.36842105263158, 81.02631578947368), (1888, -85.85393258426966, 16.786516853932586)]
USC00261395,[(1889, 86.73818181818181, 205.3822393822394)]
USC00271682,[(1880, 31.081967213114755, 156.52732240437157), (1881, 32.778082191780825, 149.53150684931506), (1882, 21.528767123287672, 145.91232876712328), (1883, 10.263013698630138, 137.95342465753424), (1884, 26.674863387978142, 132.84972677595627), (1885, 15.035616438356165, 126.72328767123288), (1886, 24.90684931506849, 134.84931506849315), (1887, 25.731506849315068, 129.67123287671234), (1888, 17.669398907103826, 120.96174863387978), (1889, 35.20821917808219, 141.2931506849315)]
USC00287865,[(1880, 81.6311475409836, 127.06557377049181), (1881, 81.94246575342466, 157.34246575342465), (1882, 80.18082191780822, 149.3945205479452), (1883, 81.97032640949556, 155.57566765578636), (1884, 76.98907103825137, 152.55464480874318), (1885, 67.01369863013699, 147.92602739726027), (1886, 83.51497005988024, 141.5119760479042)]
USC00469368,[(1881, null, -180.5)]
USC00474966,[(1880, 42.814207650273225, 135.86338797814207), (1881, 41.323287671232876, 133.4904109589041), (1882, 44.43013698630137, 132.72328767123287), (1883, 16.473972602739725, 110.64109589041095), (1884, 20.349726775956285, 109.3224043715847), (1885, 13.775342465753425, 101.23013698630137), (1886, 25.67945205479452, 121.61917808219178), (1887, 23.660273972602738, 123.26301369863013), (1888, 17.505464480874316, 108.7103825136612), (1889, 36.62739726027397, 126.75068493150685)]
USW00013736,[(1880, 77.72131147540983, 171.68852459016392), (1881, 79.78356164383561, 174.2219178082192), (1882, 75.69589041095891, 166.1041095890411), (1883, -21.18888888888889, 77.52222222222223)]
USW00014898,[(1886, -9.049180327868852, 82.71311475409836), (1887, 9.852054794520548, 110.41643835616438), (1888, 4.959016393442623, 98.57650273224044), (1889, 22.06027397260274, 113.27397260273973)]
USW00024121,[(1888, -13.575091575091575, 228.2087912087912), (1889, -28.528767123287672, 222.62191780821917)]
USW00094728,[(1880, 75.76229508196721, 156.9863387978142), (1881, 73.44657534246575, 152.56164383561645), (1882, 73.3972602739726, 146.64383561643837), (1883, 62.87397260273973, 139.94520547945206), (1884, 75.69398907103825, 149.17534246575343), (1885, 64.59452054794521, 143.36712328767123), (1886, 66.4958904109589, 148.81643835616438), (1887, 64.60164835164835, 146.4945054945055), (1888, 57.221311475409834, 136.84699453551912), (1889, 78.42465753424658, 154.22465753424657)]
