AGE00147715,[(1886, 99.94444444444444, 227.25), (1887, 113.0, 266.73366834170855), (1888, 93.30113636363636, 238.87921348314606), (1889, 88.6687306501548, 237.90273556231003)]
ASN00066062,[(1880, 133.54918032786884, 208.04918032786884), (1881, 130.8904109589041, 204.2164383561644), (1882, 135.813698630137, 211.42191780821918), (1883, 129.81643835616438, 206.47123287671232), (1884, 135.60109289617486, 211.74043715846994), (1885, 137.92876712328768, 215.85205479452054), (1886, 136.74246575342465, 212.38630136986302), (1887, 138.22739726027396, 202.7917808219178), (1888, 133.75068493150684, 209.08219178082192), (1889, 143.06849315068493, 207.27671232876713)]
CA004040420,[(1880, -102.40963855421687, 62.44159544159544), (1881, -102.26285714285714, 40.462857142857146), (1882, -117.61224489795919, 3.326530612244898), (1883, -196.5549132947977, -58.60919540229885), (1884, -107.42745098039215, 8.662745098039215), (1885, -290.07142857142856, -188.71428571428572), (1886, -119.77777777777777, -0.1111111111111111)]
CA005063350,[(1880, -133.3306010928962, -43.904371584699454), (1881, -118.65205479452055, -18.378082191780823), (1882, -106.68219178082192, -4.16986301369863), (1883, -220.9880239520958, -130.67664670658684), (1885, -177.6086956521739, -117.81521739130434), (1886, -125.3013698630137, -39.515068493150686), (1887, -150.42739726027398, -60.704109589041096), (1888, -133.92896174863387, -53.404371584699454), (1889, -115.25943396226415, -22.30188679245283)]
CA006075400,[(1880, -72.24793388429752, 34.92286501377411), (1881, -67.23615160349854, 41.08163265306123), (1882, -189.00757575757575, -64.71212121212122), (1889, -127.34177215189874, -27.696202531645568)]
CA006092915,[(1882, -104.16071428571429, -16.767857142857142)]
CA006118187,[(1888, 48.00483091787439, 149.47846889952154), (1889, -6.968652037617555, 94.96865203761756)]
CA006137735,[(1880, 25.694267515923567, 138.34076433121018), (1881, 23.910543130990416, 137.1597444089457), (1882, 24.883870967741935, 129.33225806451614), (1883, 8.968152866242038, 119.56687898089172), (1884, 14.041533546325878, 126.98722044728434), (1885, 4.779552715654952, 108.78594249201278), (1886, 18.361022364217252, 118.03833865814697), (1887, 19.30031948881789, 124.6964856230032), (1888, -123.8125, -27.395833333333332)]
CA006139445,[(1880, -3.1311475409836067, 74.78703703703704), (1881, 16.01851851851852, 125.16666666666667), (1882, -21.66393442622951, 72.9672131147541), (1883, 8.118457300275482, 115.16804407713498), (1884, 14.603351955307263, 118.70111731843575), (1885, 0.02556818181818182, 103.52991452991454), (1886, 18.483870967741936, 119.60410557184751)]
CA006142252,[(1889, 24.79874213836478, 117.99371069182389)]
CA006148120,[(1881, -29.634615384615383, 44.32692307692308), (1882, 13.097701149425287, 118.98275862068965), (1883, -5.392156862745098, 110.51117318435755), (1884, -1.6064139941690962, 112.74635568513119), (1885, -128.92436974789916, -10.521367521367521)]
CA006165716,[(1880, 9.114369501466276, 116.02932551319648), (1882, 13.695652173913043, 168.1604938271605), (1884, 9.829090909090908, 144.04727272727274), (1885, -12.254098360655737, 133.95901639344262), (1886, -13.601719197707736, 137.2327868852459), (1887, -34.63013698630137, 112.21917808219177), (1888, -35.71947194719472, 79.92079207920793), (1889, 8.570605187319885, 103.82492581602374)]
CA007061440,[(1880, -151.44827586206895, 11.415584415584416), (1881, -78.12307692307692, 30.653846153846153), (1882, -40.89310344827586, 87.53793103448275), (1883, -41.263345195729535, 90.1), (1884, -42.507751937984494, 60.34177215189873), (1885, -48.11357340720222, 65.6657458563536), (1886, -41.21590909090909, 70.07670454545455), (1887, -39.87536231884058, 72.59428571428572), (1888, -40.421203438395416, 71.98850574712644), (1889, -27.58073654390935, 86.80681818181819)]
CA008105600,[(1886, -101.64150943396227, -0.4716981132075472), (1887, -26.967845659163988, 94.81957186544342), (1888, -14.170212765957446, 87.21325648414985), (1889, 2.9367469879518073, 112.89714285714285)]
CA008202198,[(1880, 14.647540983606557, 111.0), (1881, 20.21095890410959, 106.93972602739726), (1882, 14.693370165745856, 103.53591160220995), (1883, 7.86027397260274, 103.6986301369863), (1884, 15.710382513661202, 105.35519125683061), (1885, 16.12876712328767, 112.56164383561644), (1886, 22.92054794520548, 116.4904109589041), (1887, 14.953424657534246, 112.9068493150685), (1888, 11.808743169398907, 101.51092896174863), (1889, 35.37260273972603, 125.54520547945205)]
CA008204420,[(1881, 6.426865671641791, 92.62089552238805), (1882, 5.446575342465754, 91.55342465753425), (1883, 8.778082191780822, 101.23287671232876), (1884, 8.480874316939891, 100.6256830601093), (1885, 15.794520547945206, 112.07397260273973), (1886, 27.42032967032967, 129.29395604395606), (1887, 12.868493150684932, 107.6), (1888, 9.633879781420765, 97.67486338797814), (1889, 31.073972602739726, 121.66575342465754)]
CA008205988,[(1880, -6.401639344262295, 113.03825136612022), (1881, -0.8622589531680441, 107.98618784530387), (1882, -5.458563535911602, 103.91735537190083), (1883, -20.635258358662615, 94.42944785276073), (1884, -3.284507042253521, 104.46796657381616), (1885, -3.9519774011299433, 112.57062146892656), (1886, 7.198895027624309, 117.35812672176309), (1887, -3.3333333333333335, 110.31932773109244), (1888, -2.069060773480663, 100.85635359116021), (1889, 17.818181818181817, 125.12947658402204)]
CA008300298,[(1880, 3.271978021978022, 91.6456043956044), (1881, 6.145205479452055, 89.75274725274726), (1882, -1.1232876712328768, 85.38356164383562), (1883, -4.336986301369863, 87.36986301369863), (1884, -5.60655737704918, 84.61748633879782), (1885, -0.07945205479452055, 92.32876712328768), (1886, -33.29834254143646, 61.92265193370166), (1888, 54.54347826086956, 125.35326086956522), (1889, 30.15068493150685, 107.17260273972603)]
CA008300441,[(1880, -9.581967213114755, 91.17213114754098), (1881, -2.7793296089385473, 86.62011173184358), (1882, -10.746438746438747, 82.80626780626781), (1883, -17.506849315068493, 88.24931506849315), (1884, -14.07103825136612, 80.57103825136612), (1885, -9.824657534246576, 91.72876712328767), (1886, -4.082191780821918, 96.7972602739726), (1887, -11.876712328767123, 88.84657534246575), (1888, -11.238356164383562, 82.36612021857924), (1889, 8.6, 110.42465753424658)]
CA008403500,[(1880, 0.04918032786885246, 83.49726775956285), (1881, 0.8410958904109589, 83.75068493150685), (1882, -6.120547945205479, 88.59178082191781), (1883, -7.201657458563536, 106.2396694214876), (1884, -11.084699453551913, 80.74863387978142), (1885, 7.293150684931507, 88.99178082191781), (1886, 9.115068493150686, 96.6), (1887, 1.073972602739726, 89.90958904109588), (1888, 3.2950819672131146, 80.00819672131148), (1889, 22.94413407821229, 111.83240223463687)]
DA000027080,[(1880, 43.314207650273225, 109.77322404371584), (1881, 29.75890410958904, 91.95505617977528), (1882, 58.62465753424657, 112.67671232876712), (1883, 50.81369863013698, 104.59452054794521), (1884, 56.46174863387978, 109.13387978142076), (1885, 43.87945205479452, 101.9972602739726), (1886, 42.94794520547945, 103.9068493150685), (1887, 40.85753424657534, 102.65479452054795), (1888, 34.885245901639344, 90.30054644808743), (1889, 49.1013698630137, 106.69315068493151)]
EGE00147726,[(1884, 105.76438356164384, 247.4986301369863), (1885, 129.3013698630137, 252.0191780821918), (1886, 117.07945205479452, 246.60179640718562)]
HRE00105182,[(1880, 41.306569343065696, 139.62408759124088)]
RSM00026477,[(1881, -25.818791946308725, 53.68227424749164), (1882, 22.011204481792717, 94.00280112044818), (1883, 17.175824175824175, 97.31985294117646), (1884, 15.41795665634675, 107.80745341614907), (1885, 20.38719512195122, 107.60550458715596), (1886, 6.466480446927374, 97.80167597765363), (1887, 21.936507936507937, 109.66031746031746), (1888, -22.275862068965516, 73.253125), (1889, 3.8550724637681157, 106.2316715542522)]
RSM00029348,[(1887, 94.0, 247.0)]
UK000000000,[(1880, null, 64.0), (1881, 48.88767123287671, 122.83013698630137), (1882, 57.915068493150685, 131.55616438356165), (1883, 52.20821917808219, 128.3232876712329), (1884, 59.46174863387978, 137.51092896174865), (1885, 47.46027397260274, 124.45753424657535), (1886, 51.73972602739726, 122.87945205479453), (1887, 42.397260273972606, 123.74794520547945), (1888, 47.76502732240437, 117.1775956284153), (1889, 54.33150684931507, 126.22191780821917)]
UK000056225,[(1880, 59.967213114754095, 134.1120218579235), (1881, 55.22802197802198, 132.85479452054796), (1882, 64.47397260273972, 138.3041095890411), (1883, 62.02465753424657, 136.5013698630137), (1884, 64.82513661202186, 144.28688524590163), (1885, 54.172602739726024, 129.56712328767122), (1886, 55.8027397260274, 129.5945205479452), (1887, 46.00547945205479, 129.06849315068493), (1888, 52.0, 122.8688524590164), (1889, 54.93972602739726, 128.45205479452054)]
USC00011685,[(1889, 180.140350877193, 310.87719298245617)]
USC00015555,[(1880, 144.35792349726776, 242.68579234972677), (1881, 142.63835616438357, 246.2821917808219), (1882, 141.63013698630138, 243.413698630137), (1883, 143.5068493150685, 250.7917808219178), (1884, 133.6120218579235, 242.1120218579235), (1885, 121.38356164383562, 228.1205479452055), (1886, 127.41643835616438, 231.15342465753426), (1887, 135.55616438356165, 242.6958904109589), (1888, 134.47267759562843, 239.44535519125682), (1889, 128.83013698630137, 242.05479452054794)]
USC00030936,[(1883, 191.14814814814815, 298.19417475728153), (1884, 137.75, 296.73015873015873), (1885, 187.568345323741, 307.0508474576271), (1886, 176.38181818181818, 298.97076023391816), (1887, 215.51470588235293, 326.09027777777777), (1888, 193.86486486486487, 302.6857142857143), (1889, 174.54807692307693, 279.0761904761905)]
USC00061536,[(1885, 17.305295950155763, 152.94637223974763), (1886, 13.962616822429906, 139.784375), (1887, -78.73728813559322, 45.33898305084746)]
USC00134049,[(1883, 87.68727272727273, 151.95636363636365), (1884, 58.15223880597015, 119.5223880597015), (1885, 33.26301369863014, 93.54246575342465), (1886, 47.446575342465756, 112.07123287671233), (1887, 44.4027397260274, 111.85753424657534), (1888, -189.80645161290323, -121.41935483870968)]
USC00172740,[(1886, 5.814814814814815, 125.08389261744966), (1887, -3.9461756373937678, 123.90462427745665), (1888, -10.634349030470915, 103.85164835164835), (1889, 22.451612903225808, 161.29032258064515)]
USC00173046,[(1886, -3.3360655737704916, 97.60655737704919), (1887, 11.791780821917808, 115.43013698630136), (1888, 13.254098360655737, 109.41256830601093), (1889, 34.3041095890411, 131.37534246575342)]
USC00190830,[(1889, 64.75342465753425, 146.65753424657535)]
USC00191820,[(1885, 30.115068493150684, 114.02465753424657), (1886, 36.184065934065934, 110.81868131868131), (1887, 37.52694610778443, 115.1556886227545)]
USC00194313,[(1885, 146.09677419354838, 241.4516129032258), (1889, 45.137362637362635, 146.18356164383562)]
USC00194340,[(1885, -40.16129032258065, 117.00833333333334), (1886, 32.42089552238806, 133.5917808219178), (1887, 12.613698630136986, 133.92328767123288), (1888, -0.0273224043715847, 119.79234972677595), (1889, 25.646575342465752, 139.0054794520548)]
USC00196988,[(1884, -52.205882352941174, 1.3055555555555556), (1885, 19.796143250688704, 102.3489010989011), (1886, 31.02747252747253, 111.13150684931507), (1887, 24.9010989010989, 107.08493150684932), (1888, 15.382513661202186, 92.3743169398907), (1889, -20.41304347826087, 50.108695652173914)]
USC00201215,[(1889, 126.96774193548387, 214.20967741935485)]
USC00267835,[(1887, -44.5, 147.88524590163934), (1888, 66.13333333333334, 322.1333333333333)]
USC00271678,[(1884, -46.57377049180328, 52.36065573770492), (1885, 15.276712328767124, 124.92876712328767), (1886, 24.942465753424656, 132.8027397260274), (1887, 25.80821917808219, 128.4027397260274), (1888, 17.469945355191257, 119.47814207650273), (1889, 35.23835616438356, 139.3901098901099)]
USC00288878,[(1880, 101.07945205479452, 175.02739726027397), (1881, -44.610169491525426, 28.64406779661017), (1887, 130.93406593406593, 196.07142857142858), (1888, 90.25956284153006, 158.39617486338798), (1889, 99.35068493150685, 171.54246575342466)]
USC00331662,[(1880, 57.42622950819672, 143.30327868852459), (1881, 58.276712328767125, 139.27123287671233), (1882, 56.27945205479452, 138.2), (1883, 41.865753424657534, 132.32876712328766), (1884, 48.15300546448088, 137.58743169398906), (1885, 36.364383561643834, 124.7068493150685), (1886, 44.6, 136.7068493150685), (1887, 49.23013698630137, 141.4794520547945), (1888, 47.060109289617486, 132.73224043715848), (1889, 59.8054794520548, 140.64657534246575)]
USC00363711,[(1888, 89.90760869565217, 172.52173913043478), (1889, 69.56438356164384, 153.26575342465753)]
USC00419421,[(1883, 193.3177570093458, 342.1448598130841), (1884, 185.08095238095237, 307.0379146919431), (1885, 191.0054347826087, 303.67934782608694), (1886, 200.88717948717948, 319.3948717948718), (1887, 203.42391304347825, 324.32608695652175), (1888, 162.06405693950177, 278.83274021352315)]
USC00486120,[(1881, 211.0, 44.0)]
USW00013984,[(1885, 89.2, 211.97551020408164), (1886, 45.21917808219178, 170.03561643835616), (1887, 48.4027397260274, 176.93150684931507), (1888, 45.377049180327866, 175.02459016393442), (1889, 55.56164383561644, 176.96164383561643)]
USW00023271,[(1880, 86.46027397260274, 203.78630136986303), (1881, 99.56164383561644, 214.45479452054795), (1882, 93.37362637362638, 212.28021978021977), (1883, 93.07945205479452, 219.46849315068494), (1884, 98.73497267759562, 211.71038251366122), (1885, 110.64931506849315, 229.6767123287671), (1886, 94.27222222222223, 217.825), (1887, 87.87123287671233, 228.08767123287672), (1888, 97.72328767123288, 230.53698630136986), (1889, 96.44109589041096, 225.21369863013697)]
