AGE00147712,[(1886, null, 170.0), (1887, 79.375, 230.41129032258064), (1888, 106.9882697947214, 249.09117647058824), (1889, 91.06666666666666, 215.9455252918288)]
ASN00063004,[(1880, 64.68939393939394, 202.01520912547528), (1881, 61.52290076335878, 202.04961832061068), (1882, 66.51937984496124, 210.22779922779924), (1883, 58.86821705426357, 203.09652509652508), (1884, 62.44615384615385, 216.15), (1885, 62.130434782608695, 219.4496124031008), (1886, 66.74524714828897, 211.35361216730038), (1887, 70.53076923076924, 198.77692307692308), (1888, 55.08880308880309, 228.84942084942085), (1889, 71.66153846153846, 223.46153846153845)]
ASN00091049,[(1884, 108.5, 234.74074074074073)]
CA001167635,[(1882, -33.05084745762712, 64.77966101694915), (1883, 27.09880239520958, 65.0754716981132), (1884, 45.996350364963504, 167.6970802919708), (1888, 57.858108108108105, 166.77027027027026), (1889, 42.55807365439094, 162.80845070422535)]
CA003012195,[(1880, -39.47674418604651, 76.27906976744185), (1881, -70.70890410958904, 44.43728813559322), (1882, -53.17796610169491, 75.05633802816901), (1883, -64.55014326647564, 71.59312320916905), (1884, -60.01652892561984, 78.65564738292011), (1885, -42.40547945205479, 96.16712328767123), (1886, -53.556164383561644, 83.16712328767123), (1887, -76.25641025641026, 65.29235880398672), (1888, -47.060109289617486, 77.54098360655738), (1889, -15.112328767123287, 116.6054794520548)]
CA004013030,[(1889, -7.787234042553192, 134.41228070175438)]
CA004019070,[(1884, -90.084388185654, 33.244725738396625)]
CA005012520,[(1883, -118.67826086956522, 6.9), (1884, -82.37362637362638, 41.797814207650276), (1885, -75.15426997245179, 53.0), (1886, -79.04383561643836, 63.30958904109589), (1887, -87.8, 51.78630136986301), (1888, -82.47790055248619, 47.467213114754095), (1889, -66.65934065934066, 88.85989010989012)]
CA005022547,[(1880, -65.80601092896175, 62.44808743169399), (1881, -53.50410958904109, 77.06027397260274), (1882, -77.54605263157895, 57.36842105263158), (1883, -87.62191780821918, 52.6986301369863), (1884, -76.9672131147541, 57.40710382513661), (1885, -52.68904593639576, 78.85159010600707)]
CA005022790,[(1880, -59.581717451523545, 63.96338028169014), (1881, -39.51304347826087, 105.46666666666667), (1882, null, 77.98520710059172), (1883, -68.53221288515407, 46.39171974522293), (1884, -62.24657534246575, 59.87123287671233), (1885, -71.55524861878453, 67.57617728531856), (1886, -60.035714285714285, 75.50824175824175), (1887, -70.20821917808219, 65.24657534246575), (1888, -61.40163934426229, 69.58196721311475), (1889, -44.443835616438356, 100.18630136986302)]
CA006085682,[(1887, -139.25806451612902, -36.774193548387096), (1888, -60.8671096345515, 91.4717607973422), (1889, -26.9811320754717, 109.08962264150944)]
CA006101872,[(1880, 8.969945355191257, 121.81693989071039), (1881, 14.136986301369863, 120.79452054794521), (1882, 6.695890410958904, 110.77808219178083), (1883, -8.975342465753425, 103.96712328767123), (1884, 3.210382513661202, 109.74863387978142), (1885, -6.901369863013699, 97.46301369863014), (1886, 1.4465753424657535, 109.98901098901099), (1887, -2.6904109589041094, 108.22191780821917)]
CA006104185,[(1880, 24.311475409836067, 126.30601092896175), (1881, 24.424657534246574, 127.7041095890411), (1882, 24.512328767123286, 121.16986301369863), (1883, 4.189041095890411, 101.58630136986301), (1884, 16.497267759562842, 106.96448087431693), (1885, 3.6575342465753424, 92.91232876712328), (1886, 16.621917808219177, 106.18082191780822), (1887, 18.482191780821918, 108.46301369863014), (1888, 12.972677595628415, 101.71584699453553), (1889, 33.35068493150685, 113.04657534246576)]
CA006105887,[(1880, 6.108333333333333, 120.81111111111112), (1881, -50.064516129032256, 55.70322580645161), (1882, -34.59782608695652, 40.67391304347826), (1883, -17.36986301369863, 89.14246575342466), (1884, -15.857534246575343, 104.37808219178082), (1885, -21.912328767123288, 85.46301369863014), (1886, -8.906849315068493, 92.42465753424658), (1887, -11.535714285714286, 100.4532967032967), (1888, -8.375342465753425, 95.47945205479452), (1889, 6.482191780821918, 112.07671232876713)]
CA006110458,[(1889, -45.98360655737705, 43.47540983606557)]
CA006116128,[(1880, 15.78688524590164, 117.68032786885246), (1881, 20.136986301369863, 128.03013698630136), (1882, 9.167123287671233, 110.48219178082192), (1883, -14.199445983379501, 92.14681440443213), (1884, -6.502732240437158, 101.21095890410959), (1885, -24.057692307692307, 84.68406593406593), (1886, 4.851485148514851, 102.3036303630363), (1887, -10.437673130193906, 113.36754966887418), (1888, 10.626865671641792, 109.83283582089553), (1889, 12.386301369863014, 111.76438356164384)]
CA006116254,[(1880, -5.8743169398907105, 105.12021857923497), (1881, -1.8794520547945206, 111.77534246575343), (1882, -2.736986301369863, 104.01369863013699), (1883, -28.39178082191781, 88.1013698630137), (1884, -14.841530054644808, 101.39344262295081), (1885, -31.216438356164385, 86.7095890410959), (1886, -13.901369863013699, 99.72876712328767), (1887, -18.70958904109589, 101.59178082191781), (1888, -22.93169398907104, 89.86065573770492), (1889, 4.032876712328767, 107.97808219178083)]
CA006136694,[(1880, 34.068306010928964, 140.15300546448088), (1881, 32.95068493150685, 141.92876712328768), (1882, 33.57534246575342, 127.38630136986302), (1883, 9.926027397260274, 126.07558139534883), (1884, 19.97814207650273, 126.33333333333333), (1885, 6.260273972602739, 112.89315068493151), (1886, 21.583561643835615, 125.08493150684932), (1887, 23.69041095890411, 124.87671232876713), (1888, 16.398907103825138, 110.1775956284153), (1889, 33.07945205479452, 125.5013698630137)]
CA006140941,[(1881, 74.35249042145594, 202.05343511450383), (1882, 21.99142857142857, 131.8942857142857), (1883, -42.121212121212125, 69.74242424242425), (1884, 8.786703601108034, 127.65927977839335), (1885, -4.590909090909091, 111.2215909090909), (1886, 27.87037037037037, 127.10364145658264), (1887, 17.02770083102493, 135.6778711484594), (1888, 6.59065934065934, 122.57575757575758), (1889, -34.20666666666666, 74.63333333333334)]
CA006143083,[(1881, 86.99555555555555, 183.19574468085105), (1882, 28.480555555555554, 119.77285318559557), (1883, 4.898351648351649, 107.31593406593407), (1884, 5.286885245901639, 120.51912568306011), (1885, -13.572727272727272, 99.21212121212122), (1886, 4.624657534246575, 118.62465753424658), (1887, 6.016483516483516, 121.9641873278237), (1888, 0.48342541436464087, 110.89531680440771), (1889, 9.389972144846796, 126.08100558659218)]
CA006144505,[(1883, 27.326797385620914, 139.52287581699346), (1884, 13.167123287671233, 119.95342465753424), (1885, 1.5041095890410958, 103.7972602739726), (1886, 14.578082191780823, 116.37534246575342), (1887, 17.873972602739727, 120.44109589041096), (1888, 10.565573770491802, 110.13661202185793), (1889, 27.553424657534247, 126.54246575342465)]
CA006147340,[(1888, -57.064516129032256, 10.32258064516129), (1889, 21.019178082191782, 125.9972602739726)]
CA006150913,[(1880, 27.158640226628894, 120.84426229508196), (1881, 22.715068493150685, 124.64931506849315), (1882, 12.510263929618768, 109.32058823529412), (1883, -1.6712328767123288, 101.33424657534246), (1884, 6.415300546448087, 111.94535519125684), (1885, -12.138643067846608, 91.79464285714286), (1886, 4.221590909090909, 109.43019943019944), (1887, 6.337078651685394, 118.50140845070422), (1888, 4.5710382513661205, 110.03551912568307)]
CA006164297,[(1880, 32.268595041322314, null), (1881, 13.901360544217686, null), (1882, 10.002898550724638, null), (1883, -17.370588235294118, 155.65437788018434), (1884, -6.307926829268292, 153.27678571428572), (1885, -26.06687898089172, 100.6118881118881), (1886, -22.510135135135137, 129.48598130841123), (1887, -21.567307692307693, 84.54304635761589), (1888, -17.842261904761905, 94.24404761904762), (1889, 14.424242424242424, 114.32782369146005)]
CA008100990,[(1880, -20.51912568306011, 101.30874316939891), (1881, -11.057534246575342, 100.58904109589041), (1882, -20.30958904109589, 94.05205479452054), (1883, -30.745205479452054, 91.64657534246575), (1884, -22.873972602739727, 88.76986301369863), (1885, -22.208219178082192, 96.62191780821918), (1886, -11.627397260273973, 99.92602739726027), (1887, -22.106849315068494, 98.11780821917809), (1888, -19.325136612021858, 90.19125683060109), (1889, 6.934246575342466, 115.27671232876712)]
CA008101700,[(1880, -17.188524590163933, 110.69398907103825), (1881, -5.164383561643835, 108.96986301369863), (1882, -17.356164383561644, 103.88493150684931), (1883, -30.172602739726027, 99.86849315068493), (1884, -17.846994535519126, 101.56557377049181), (1885, -21.54794520547945, 104.68767123287671), (1886, -10.26849315068493, 104.33150684931506), (1887, -15.575342465753424, 98.77808219178083), (1888, -14.062841530054644, 93.02459016393442), (1889, 5.101369863013699, 116.07123287671233)]
CA008103825,[(1886, 32.08988764044944, 151.12359550561797), (1887, -11.937125748502995, 100.26726726726727), (1888, -25.114754098360656, 56.09836065573771), (1889, -8.58904109589041, 101.52328767123288)]
CYE00100074,[(1881, 138.73793103448276, 275.9597315436242), (1882, 84.61581920903954, 220.86524822695034), (1883, 67.87037037037037, 262.36164383561646), (1884, 97.44267515923566, 266.1878453038674), (1885, 119.03370786516854, 274.87772925764193), (1886, 108.99178082191781, 274.6868131868132), (1887, 118.9041095890411, 262.6191780821918), (1888, 124.93169398907104, 257.57923497267757), (1889, 135.24786324786325, 263.0412087912088)]
DA000021100,[(1880, 49.885245901639344, 106.38524590163935), (1881, 33.31506849315068, 84.86301369863014), (1882, 57.33150684931507, 106.41643835616438), (1883, 49.775342465753425, 100.41643835616438), (1884, 57.87431693989071, 107.76775956284153), (1885, 45.104109589041094, 93.9945205479452), (1886, 42.875, 97.41369863013699), (1887, 44.97808219178082, 97.13424657534246), (1888, 38.98082191780822, 87.04918032786885), (1889, 55.26575342465753, 104.16164383561645)]
DA000030380,[(1880, 34.21584699453552, 113.31147540983606), (1881, 24.84931506849315, 99.56438356164384), (1882, 47.62191780821918, 124.11506849315069), (1883, 40.28219178082192, 113.6), (1884, 45.35245901639344, 121.1584699453552), (1885, 30.153424657534245, 112.40547945205479), (1886, 32.4, 114.79178082191781), (1887, 32.26849315068493, 110.02465753424657), (1888, 29.05191256830601, 98.2103825136612), (1889, 39.726027397260275, 112.02191780821917)]
EI000003969,[(1881, 44.26301369863014, 123.84109589041095), (1882, 50.95616438356164, 129.35342465753425), (1883, 45.221917808219175, 126.17534246575343), (1884, 53.72950819672131, 130.72677595628414), (1885, 43.62465753424657, 121.35890410958905), (1886, 47.868493150684934, 121.14520547945206), (1887, 44.06849315068493, 127.53424657534246), (1888, 46.81693989071038, 120.55191256830601), (1889, 51.44931506849315, 127.73424657534247)]
ITE00100554,[(1880, 91.98087431693989, 175.07650273224044), (1881, 89.87945205479453, 172.1041095890411), (1882, 93.92876712328767, 176.9972602739726), (1883, 86.67945205479452, 166.51232876712328), (1884, 88.87158469945355, 173.54098360655738), (1885, 92.71232876712328, 170.70958904109588), (1886, 93.41369863013699, 173.64383561643837), (1887, 82.10958904109589, 165.1205479452055), (1888, 83.19945355191257, 166.2486338797814), (1889, 85.68767123287671, 168.3041095890411)]
RSM00024944,[(1882, -168.70909090909092, null)]
RSM00032071,[(1886, -64.2051282051282, null), (1887, -69.23988439306359, null), (1888, -63.986149584487535, null), (1889, -81.04347826086956, null)]
RSM00034880,[(1881, 48.72054794520548, 138.42191780821918), (1882, 58.9013698630137, 149.0), (1883, 50.865753424657534, 149.44383561643835), (1884, 49.14754098360656, 143.53551912568307), (1885, 46.37808219178082, 150.33972602739726), (1886, 8.458563535911603, 111.61878453038673), (1889, -113.19354838709677, -62.516129032258064)]
RSM00037472,[(1882, 83.22802197802197, null), (1883, 83.6, null), (1884, 79.05464480874316, null), (1885, 53.983108108108105, null), (1886, 84.03013698630137, null), (1887, 92.5095890410959, null), (1888, 85.39890710382514, null), (1889, 82.81818181818181, null)]
TS000060765,[(1887, 122.47802197802197, 258.532967032967), (1888, 99.45054945054945, 229.34806629834253), (1889, 137.02191780821917, 256.3972602739726)]
USC00144559,[(1880, 48.94505494505494, 91.42857142857143), (1881, 88.07843137254902, -352.5211267605634)]
USC00200718,[(1888, -33.0, 72.0)]
USC00201744,[(1889, 63.459016393442624, 176.40983606557376)]
USC00205065,[(1888, 59.17934782608695, 130.55434782608697), (1889, 32.9041095890411, 104.93972602739726)]
USC00253035,[(1888, -51.653333333333336, 102.15131578947368), (1889, -21.957264957264957, 133.0672268907563)]
USC00279307,[(1886, -21.58, 122.93288590604027), (1887, -2.646067415730337, 111.61148648648648), (1889, -12.453038674033149, 127.11602209944752)]
USC00298072,[(1880, -3.278688524590164, 149.8224043715847), (1881, 41.410828025477706, 173.97452229299364), (1882, 32.950413223140494, 163.7123287671233), (1883, 3.915151515151515, 128.35151515151514), (1884, -59.14705882352941, 53.41935483870968), (1885, 30.663013698630138, 154.85479452054796), (1886, 31.643835616438356, 153.91232876712328), (1887, 35.277472527472526, 160.9945205479452), (1888, 37.73770491803279, 159.2054794520548), (1889, 37.463013698630135, 159.9972602739726)]
USC00464897,[(1889, 108.3723849372385, 184.94979079497907)]
USC00481816,[(1881, 100.0, 267.0)]
USW00053875,[(1880, 114.5846994535519, 207.75409836065575), (1881, 115.65205479452055, 211.85205479452054), (1882, 115.97534246575343, 208.42739726027398), (1883, 113.83287671232877, 214.16438356164383), (1884, 107.99180327868852, 208.3551912568306), (1885, 97.77260273972603, 197.06575342465754), (1886, 92.25205479452055, 199.3068493150685), (1887, 104.66027397260274, 215.75068493150684), (1888, 105.27049180327869, 211.54371584699453), (1889, 102.95616438356164, 213.33424657534246)]
UZM00038457,[(1881, 116.0, 240.63837638376384), (1882, 104.96026490066225, 198.76923076923077), (1883, 105.08088235294117, 216.35029940119762), (1884, 139.34444444444443, 168.28476821192052), (1889, -127.61290322580645, null)]
