AGE00147716,[(1880, null, 240.5191256830601), (1881, 110.37086092715232, 228.62406015037595), (1882, 102.51506849315068, 226.85474860335196), (1883, 91.61356932153393, 231.7159090909091), (1884, 128.09562841530055, 219.10655737704917), (1885, 135.4640522875817, 232.78758169934642), (1886, 132.72980501392757, 223.22033898305085), (1887, 130.95211267605634, 220.19774011299435), (1888, 131.26404494382024, 217.1629213483146), (1889, 124.070796460177, 214.40828402366864)]
ASN00056017,[(1880, 75.8932584269663, 225.62640449438203), (1881, 67.28289473684211, 220.68975903614458), (1882, 60.14159292035398, 221.11209439528022), (1883, 52.16022099447514, 232.4931129476584), (1884, 72.86944444444444, 241.19166666666666), (1885, 116.52452830188679, 243.46212121212122), (1886, 100.75637393767705, 230.6590909090909), (1887, 99.03835616438356, 208.9890410958904), (1888, 89.43989071038251, 220.39890710382514), (1889, 113.90082644628099, 215.05769230769232)]
AU000011801,[(1880, 36.8551912568306, 136.9672131147541), (1881, 36.14794520547945, 131.0191780821918), (1882, 37.827397260273976, 136.1123287671233), (1883, 31.964383561643835, 125.83561643835617), (1884, 44.5, 126.22131147540983), (1885, 40.76438356164383, 132.46849315068494), (1886, 46.57534246575342, 130.83013698630137), (1887, 39.42739726027397, 118.0), (1888, 42.08743169398907, 120.05191256830601)]
AU000015410,[(1886, -134.4262295081967, -80.49180327868852), (1887, -98.05479452054794, -49.83561643835616), (1888, -92.24043715846994, -45.3551912568306), (1889, -92.98904109589041, -49.03013698630137)]
CA001066336,[(1886, 57.160377358490564, 130.1822429906542), (1887, 12.017241379310345, 90.64835164835165), (1888, 33.37003058103976, 104.36612021857924), (1889, 37.21369863013699, 115.3013698630137)]
CA001100120,[(1889, -13.595744680851064, 65.31914893617021)]
CA001114620,[(1881, 38.68975903614458, 138.11746987951807), (1882, 35.85479452054795, 134.586301369863), (1883, 37.712574850299404, 145.69161676646706)]
CA003050520,[(1887, -193.41176470588235, -74.17647058823529), (1888, -134.1931818181818, -7.034090909090909), (1889, -86.03973509933775, 59.794701986754966)]
CA006100969,[(1885, 28.350993377483444, 122.58940397350993), (1886, 14.73816155988858, 113.6878453038674)]
CA006102417,[(1880, 19.841216216216218, 144.565371024735), (1881, 60.256410256410255, 184.33185840707964), (1882, -10.03323262839879, 121.87987012987013), (1883, -25.210227272727273, 106.58753709198812), (1884, -1.6254295532646048, 134.7344827586207), (1885, -36.7108843537415, 113.5513698630137)]
CA006108060,[(1880, -28.311475409836067, 100.5792349726776), (1881, -23.03287671232877, 109.96164383561644), (1882, -26.4027397260274, 98.37808219178082), (1883, -51.706849315068496, 83.74246575342465), (1884, -35.37158469945355, 95.30874316939891), (1885, -49.6986301369863, 84.24383561643836), (1886, -40.9013698630137, 95.21643835616439), (1887, -45.24931506849315, 98.4876712328767), (1888, -41.82513661202186, 86.56010928961749), (1889, -16.616438356164384, 106.23835616438356)]
CA006113000,[(1880, 0.13424657534246576, 110.23013698630137), (1881, 4.337912087912088, 115.71703296703296), (1882, 4.233516483516484, 107.68406593406593), (1883, -17.202739726027396, 93.23351648351648), (1884, -4.975342465753425, 106.88219178082191), (1885, -20.794520547945204, 91.10989010989012), (1886, -4.03013698630137, 102.77808219178083), (1887, -7.7162534435261705, 114.44903581267218), (1888, -17.636111111111113, 98.075), (1889, 2.3287292817679557, 116.65013774104683)]
CA006129850,[(1881, 73.1534090909091, 184.27272727272728), (1882, 23.887671232876713, 127.79178082191781), (1883, -3.0875706214689265, 111.87671232876713), (1884, 12.1448087431694, 120.78688524590164), (1885, -0.5287671232876713, 106.45753424657535), (1886, 14.013698630136986, 119.7041095890411), (1887, 15.542465753424658, 124.64109589041095), (1888, 7.644808743169399, 112.41256830601093), (1889, 26.336986301369862, 127.61643835616438)]
CA006150243,[(1887, -6.315934065934066, 106.89010989010988), (1888, -18.060109289617486, 92.33333333333333), (1889, 1.1835616438356165, 106.47123287671234)]
CA006152007,[(1882, 61.33168316831683, 169.89162561576356), (1883, -1.4022038567493114, 110.36088154269973), (1884, 10.487603305785123, 119.43526170798899), (1885, -1.4116022099447514, 105.52486187845304), (1886, 8.238888888888889, 118.21111111111111), (1887, 12.052631578947368, 122.31024930747922), (1888, 0.15846994535519127, 115.00819672131148), (1889, 20.15068493150685, 128.2)]
CA006158065,[(1889, 36.26865671641791, 127.53618421052632)]
CA007056067,[(1880, -29.204918032786885, 62.387978142076506), (1881, -22.336088154269973, 67.3030303030303), (1882, -31.767123287671232, 57.79178082191781), (1883, -43.92602739726028, 55.66301369863014), (1884, -43.81147540983606, 51.17486338797814), (1885, -29.1768115942029, 52.0986301369863), (1886, -29.775342465753425, 57.83835616438356), (1887, -36.986301369863014, 50.0986301369863), (1888, -36.224043715846996, 48.95628415300546), (1889, -19.40821917808219, 66.43561643835616)]
CA007066688,[(1888, 5.783882783882784, 102.00732600732601), (1889, -21.87945205479452, 73.84657534246575)]
CA007095000,[(1885, -95.59715639810426, 27.07035175879397)]
CA008101920,[(1883, 42.33898305084746, 132.70056497175142), (1884, 13.775956284153006, 99.34426229508196), (1885, 9.772602739726027, 97.06301369863014), (1886, 17.112328767123287, 105.36164383561643), (1887, 8.64931506849315, 102.35890410958905), (1888, 4.7650273224043715, 92.43442622950819), (1889, 24.747945205479454, 111.55068493150685)]
CA008104800,[(1880, 10.53825136612022, 88.33060109289617), (1881, 14.835616438356164, 87.23835616438356), (1882, 5.361643835616438, 81.26301369863013), (1883, -1.8969359331476323, 86.85793871866295), (1884, 0.23224043715846995, 89.59289617486338), (1885, -2.3917808219178083, 91.63561643835617), (1886, 3.654696132596685, 98.03867403314918), (1887, -0.38082191780821917, 92.01369863013699), (1888, -0.06318681318681318, 84.22527472527473), (1889, 20.73972602739726, 102.83835616438355)]
CA008206410,[(1880, -37.53947368421053, 67.92105263157895), (1881, 21.284900284900285, 103.45425867507886), (1882, 10.143250688705233, 101.63461538461539), (1883, -135.10526315789474, 69.56424581005587)]
CA008401125,[(1880, -107.2396694214876, -0.8), (1881, -7.678571428571429, null), (1882, -19.424657534246574, null), (1883, -33.293150684931504, null), (1884, -138.8, null)]
DA000032030,[(1880, 53.33879781420765, 102.08196721311475), (1881, 41.05205479452055, 87.3972602739726), (1882, 61.726027397260275, 107.42191780821918), (1883, 50.78082191780822, 96.6082191780822), (1884, 57.4344262295082, 105.6584699453552), (1885, 53.153424657534245, 100.08219178082192), (1886, 52.536986301369865, 104.00821917808219), (1887, 51.49589041095891, 99.64931506849315), (1888, 41.521857923497265, 83.62290502793296), (1889, 50.057534246575344, 96.37808219178082)]
FRE00104937,[(1880, null, 9990.0), (1881, null, 9990.0), (1882, null, 9990.0), (1883, null, 9990.0), (1884, null, 9990.0), (1885, null, 9990.0), (1886, null, 9990.0), (1887, null, 9990.0), (1888, null, 9990.0), (1889, null, 9990.0)]
GM000004063,[(1880, 42.65846994535519, 127.47267759562841), (1881, 37.88493150684931, 118.67671232876712), (1882, 44.10526315789474, 131.51246537396122), (1883, 43.945205479452056, 130.586301369863), (1884, 46.41803278688525, 136.42896174863387), (1885, 40.59452054794521, 135.4794520547945), (1886, 46.71506849315068, 139.73150684931508), (1887, 29.6, 123.26027397260275), (1888, 34.45628415300546, 122.5464480874317), (1889, 39.16986301369863, 125.58082191780822)]
GM000004199,[(1880, 40.26229508196721, 124.02732240437159), (1881, 34.276712328767125, 119.81643835616438), (1882, 38.50410958904109, 126.53972602739726), (1883, 36.52328767123288, 119.56712328767124), (1884, 42.54644808743169, 128.96448087431693), (1885, 36.31780821917808, 125.8054794520548), (1886, 41.224657534246575, 126.61369863013698), (1887, 28.063013698630137, 112.16712328767123), (1888, 33.06284153005465, 113.28688524590164), (1889, 35.78630136986301, 112.7972602739726)]
RSM00023804,[(1888, -4.817843866171004, null), (1889, -29.395604395604394, null)]
RSM00026063,[(1881, -8.347945205479451, 67.18956043956044), (1882, 13.013698630136986, null), (1883, 4.638356164383562, 69.97520661157024), (1884, -2.0054644808743167, 70.81967213114754), (1885, 3.484931506849315, 78.12328767123287), (1886, 11.35890410958904, 81.6986301369863), (1887, 15.736986301369862, 80.8054794520548), (1888, -16.688524590163933, 56.87978142076503), (1889, 8.145205479452056, 78.76986301369863)]
RSM00034163,[(1884, -20.76502732240437, null)]
SZ000002220,[(1882, -49.33606557377049, -3.3140495867768593), (1883, -49.42774566473989, 21.222543352601157), (1884, -45.11077844311377, 12.09009009009009), (1885, -37.747252747252745, 16.365384615384617), (1886, -42.488950276243095, 17.480662983425415), (1887, -49.70879120879121, 11.76923076923077)]
USC00033466,[(1887, -13.774193548387096, 141.78571428571428), (1888, 95.37808219178082, null), (1889, 99.80494505494505, 246.20520231213874)]
USC00034988,[(1883, 145.61290322580646, 247.7741935483871), (1884, 91.95879120879121, 208.98901098901098), (1885, 87.45429362880887, 206.4793388429752), (1886, -33.847457627118644, 64.83050847457628)]
USC00117391,[(1880, 151.6413043478261, 281.9347826086956), (1888, -43.58064516129032, 53.45161290322581), (1889, 44.654794520547945, 158.46027397260275)]
USC00172426,[(1889, 63.0, 124.8)]
USC00177827,[(1887, 10.390728476821192, 108.95394736842105), (1888, -180.4, -53.6)]
USC00191650,[(1885, 46.49589041095891, 129.13424657534247), (1886, 49.05234159779614, 129.5702479338843), (1887, 46.43013698630137, 128.91232876712328), (1888, 40.64754098360656, 121.57103825136612), (1889, 61.66301369863014, 135.62465753424658)]
USC00197122,[(1889, 180.55737704918033, 244.49180327868854)]
USC00198374,[(1885, 71.64673913043478, 176.79738562091504), (1886, 38.07123287671233, 157.3945205479452), (1887, 40.714285714285715, 153.85479452054796), (1888, 19.57704918032787, 126.57377049180327), (1889, 56.97260273972603, 157.0986301369863)]
USC00254812,[(1882, -28.425, -256.275)]
USC00260770,[(1889, 64.21632653061225, 178.37551020408162)]
USC00263515,[(1887, -33.07692307692308, 60.175), (1888, -2.4257425742574257, 127.79), (1889, 105.20276497695852, 261.6857142857143)]
USC00268349,[(1888, -20.283185840707965, 127.92035398230088), (1889, -2.9541547277936964, 151.49137931034483)]
USC00276944,[(1887, -44.05434782608695, 60.76086956521739), (1888, -13.532786885245901, 112.32876712328768)]
USC00277060,[(1886, 29.153191489361703, 166.86666666666667), (1887, 3.2344322344322345, 125.28937728937728)]
USC00307633,[(1885, 82.13071895424837, 154.86928104575162), (1886, 63.057534246575344, 142.0191780821918), (1887, 65.53972602739726, 144.24657534246575), (1888, 57.478142076502735, 136.0), (1889, 21.278145695364238, 97.98675496688742)]
USC00324418,[(1881, 167.0, 283.0)]
USC00413257,[(1880, 118.80601092896175, 234.54644808743168), (1881, 115.32463768115942, 221.04347826086956), (1882, 113.95541401273886, 243.38535031847132), (1883, -8.26530612244898, 137.9387755102041)]
USC00422996,[(1887, -378.2903225806452, -44.61290322580645), (1888, -44.89344262295082, 164.7431693989071), (1889, -5.380821917808219, 153.46849315068494)]
USC00475484,[(1880, 40.92622950819672, 128.12295081967213), (1881, 42.104109589041094, 121.76986301369863), (1882, 48.4027397260274, 124.89315068493151), (1883, 22.345205479452055, 106.33698630136986), (1884, 26.0327868852459, 110.49726775956285), (1885, 12.961643835616439, 99.65753424657534), (1886, 25.397260273972602, 115.37808219178082), (1887, 28.301369863013697, 117.12602739726027), (1888, 22.10655737704918, 105.00546448087432), (1889, 39.010958904109586, 118.32328767123288)]
USW00014838,[(1880, 4.912568306010929, 105.44262295081967), (1881, 2.5835616438356164, 79.5041095890411), (1882, 14.95068493150685, 106.53892215568862), (1883, -32.83287671232877, 82.01369863013699), (1884, -97.74590163934427, 9.073770491803279), (1885, 14.065573770491802, 108.99346405228758), (1886, -0.810958904109589, 97.94246575342466), (1887, 9.625748502994012, 103.06586826347305), (1888, -10.327868852459016, 75.5792349726776), (1889, 13.389041095890411, 96.01095890410959)]
