AGE00135039,[(1884, 126.60606060606061, 215.27272727272728), (1885, 140.95068493150686, 239.1023102310231), (1886, 143.33241758241758, 227.46107784431138), (1887, 142.0775623268698, 221.58904109589042), (1888, 136.02203856749313, 220.0986301369863), (1889, 125.58739255014326, 212.13698630136986)]
AGE00147711,[(1886, 110.66887417218543, 227.06270627062707), (1887, 93.9275766016713, 215.0), (1888, 92.55681818181819, 203.810888252149), (1889, 88.80877742946709, 197.95731707317074)]
AGE00147720,[(1888, 56.67289719626168, 219.3827160493827), (1889, 51.63548387096774, 214.6372239747634)]
ASN00038003,[(1888, 158.525, 328.0734463276836), (1889, 176.67123287671234, 329.94246575342464)]
ASN00094029,[(1882, 69.81454545454545, 148.36), (1883, 88.48209366391184, 170.14958448753464), (1884, 76.4478021978022, 165.17403314917127), (1885, 75.40273972602739, 163.37808219178083), (1886, 73.71232876712328, 164.13150684931506), (1887, 77.21095890410959, 170.52328767123288), (1888, 71.76923076923077, 167.4010989010989), (1889, 79.87671232876713, 169.33698630136988)]
AU000005010,[(1880, 49.94808743169399, 122.77322404371584), (1881, 40.084931506849315, 111.52602739726028), (1882, 49.43287671232877, 122.8082191780822), (1883, 45.8027397260274, 116.21917808219177), (1884, 49.60109289617486, 124.83333333333333), (1885, 45.26301369863014, 121.13972602739726), (1886, 49.1945205479452, 120.56438356164384), (1887, 40.054794520547944, 110.43287671232876), (1888, 40.51912568306011, 109.35792349726776), (1889, 44.29041095890411, 109.48493150684932)]
BE000006447,[(1880, 57.16120218579235, 136.70218579234972), (1881, 49.276712328767125, 126.63287671232877), (1882, 58.172602739726024, 131.03287671232877), (1883, 55.04383561643836, 131.2986301369863), (1884, 59.01639344262295, 138.84699453551912), (1885, 47.21369863013699, 126.41917808219178), (1886, 53.202739726027396, 132.16986301369863), (1887, 41.43561643835616, 120.6986301369863), (1888, 44.385245901639344, 117.39344262295081), (1889, 52.07397260273972, 124.13698630136986)]
CA003072657,[(1883, -181.83132530120483, -109.92682926829268), (1884, -82.10684931506849, 23.189560439560438), (1885, -71.28531855955679, 22.448467966573816), (1886, -89.40495867768595, -4.002754820936639), (1887, -188.125, -106.06008583690988), (1888, -49.58361774744027, 34.59154929577465), (1889, -67.59025787965616, 24.616045845272208)]
CA004013480,[(1889, -88.67272727272727, 52.1875)]
CA004056230,[(1884, -163.15841584158414, -14.237623762376238), (1885, -108.13168724279835, 43.5679012345679), (1886, -112.33147632311977, 63.77437325905292), (1887, -88.30258302583026, 65.12177121771218), (1888, -119.921875, 113.52631578947368), (1889, -69.85474860335195, 86.45251396648045)]
CA005012279,[(1886, -31.484662576687118, 115.3689024390244), (1887, -128.82165605095543, 67.60915492957747), (1888, -48.95505617977528, 64.88764044943821), (1889, -11.343971631205674, 124.69675090252707)]
CA006059475,[(1888, -199.5, -49.22727272727273), (1889, -63.4027397260274, 75.52054794520548)]
CA006110549,[(1880, 8.178571428571429, 116.79945054945055), (1881, 8.81043956043956, 124.85989010989012), (1882, 10.038461538461538, 118.4065934065934), (1883, -8.857534246575343, 98.75342465753425), (1884, 2.5835616438356164, 109.11232876712329), (1885, -10.376373626373626, 93.72802197802197), (1886, -0.3259668508287293, 113.8393351800554), (1887, 2.087912087912088, 114.87637362637362)]
CA006139520,[(1880, 39.3343949044586, 149.64012738853503), (1881, 36.16932907348243, 149.65495207667732), (1882, 37.26282051282051, 144.01282051282053), (1883, 19.511182108626198, 133.56230031948883), (1884, 25.9171974522293, 143.0859872611465), (1885, 13.217252396166135, 128.65495207667732), (1886, 25.156549520766774, 144.89456869009584), (1887, 24.4185303514377, 146.2523961661342)]
CA006141095,[(1880, -1.6133333333333333, 124.01944444444445), (1881, 18.728021978021978, 129.1046831955923), (1882, 17.38150289017341, 119.92173913043479), (1883, -5.837988826815643, 103.12813370473538), (1884, 1.129120879120879, 118.90934065934066), (1885, 13.86, 131.32), (1886, 6.345505617977528, 120.35028248587571), (1887, 6.583333333333333, 126.91944444444445), (1888, 0.7837078651685393, 113.7247191011236), (1889, 16.911428571428573, 120.76790830945559)]
CA006144470,[(1880, 24.25824175824176, 116.28333333333333), (1881, 26.058282208588956, 134.52147239263803), (1882, 19.73860182370821, 124.78353658536585), (1883, 0.6646884272997032, 112.87761194029851), (1884, -0.08256880733944955, 117.4329268292683), (1885, -6.305882352941176, 105.81231671554252), (1886, -6.609427609427609, 102.13898305084746), (1887, 1.1628664495114007, 108.9640522875817), (1888, -9.537267080745341, 99.6269592476489), (1889, -7.315789473684211, 94.55263157894737)]
CA007021952,[(1880, -22.707650273224044, 88.28142076502732), (1881, -17.464285714285715, 89.09615384615384), (1882, -31.09041095890411, 74.55890410958904), (1883, -45.676712328767124, 68.86027397260274), (1884, -29.80327868852459, 78.33060109289617), (1885, -36.86813186813187, 80.36263736263736), (1886, -30.28021978021978, 82.70604395604396), (1887, -37.66575342465753, 77.38630136986302), (1888, -37.17213114754098, 65.98087431693989), (1889, -17.03835616438356, 90.83561643835617)]
CA008200150,[(1880, -57.935483870967744, null), (1881, -39.26775956284153, 17.785714285714285), (1882, -14.825, 114.31899641577061), (1883, -25.854166666666668, 119.88333333333334), (1885, 24.322580645161292, 139.6451612903226), (1886, -45.5472972972973, 80.61486486486487), (1887, 69.51724137931035, 197.17241379310346), (1888, -82.93939393939394, 6.967741935483871)]
CA008204480,[(1885, 4.576086956521739, 141.56521739130434), (1886, 0.8792270531400966, 91.77830188679245), (1887, -45.71910112359551, 11.247191011235955), (1888, -33.32258064516129, 25.225806451612904)]
GG000037545,[(1881, 73.63287671232877, null), (1882, 79.6556886227545, null), (1883, 75.44383561643835, null), (1884, 71.19672131147541, null), (1885, 74.16164383561645, null), (1886, 72.37808219178082, null), (1887, 77.95616438356164, null), (1888, 77.92349726775956, 215.1413043478261), (1889, 92.7185628742515, 200.03892215568862)]
GM000010962,[(1880, 31.34426229508197, 99.86612021857924), (1881, 22.504109589041096, 95.08219178082192), (1882, 28.90958904109589, 102.40821917808219), (1883, 18.024657534246575, 94.71780821917808), (1884, 28.382513661202186, 103.2896174863388), (1885, 25.063013698630137, 103.96438356164384), (1886, 29.2, 100.53972602739726), (1887, 18.515068493150686, 87.04657534246576), (1888, 23.85792349726776, 90.70491803278688), (1889, 21.71780821917808, 89.33150684931506)]
RSM00029263,[(1884, -60.82779456193354, null), (1885, -75.18904109589042, null), (1886, -66.7013698630137, null), (1887, -73.16438356164383, 163.77011494252875), (1888, -77.4375, null), (1889, -78.34246575342466, null)]
RSM00031369,[(1881, -260.82142857142856, null), (1883, -14.766666666666667, null), (1884, -83.46666666666667, null), (1885, -79.15702479338843, null), (1886, -61.00568181818182, null), (1887, -64.48474576271187, null), (1888, -60.90633608815427, null), (1889, -59.17065868263473, null)]
RSM00032061,[(1881, -45.53611111111111, null), (1882, -40.583561643835615, null), (1883, -54.704109589041096, null), (1884, -68.38251366120218, null), (1885, -64.02465753424657, null), (1886, -44.843835616438355, null), (1887, -53.52054794520548, null), (1888, -48.35245901639344, null), (1889, -66.36712328767123, null)]
SZ000006717,[(1880, -23.901639344262296, 24.685792349726775), (1881, -31.063013698630137, 18.4986301369863), (1882, -30.339726027397262, 19.865753424657534), (1883, -42.95890410958904, 7.794520547945205), (1884, -41.24863387978142, 12.879781420765028), (1885, -43.8054794520548, 14.967123287671233), (1886, -49.945205479452056, 20.0986301369863), (1887, -58.01917808219178, 15.706849315068494), (1888, -52.240437158469945, 17.23224043715847), (1889, -54.16438356164384, 10.586301369863014)]
TSE00147769,[(1886, 140.3840579710145, 233.2626728110599), (1887, 116.95774647887323, 231.7134831460674), (1888, 117.39520958083833, 231.70278637770897), (1889, 116.2262996941896, 229.27051671732522)]
UPM00033345,[(1881, 14.75328947368421, 83.98684210526316), (1882, 36.06575342465754, 115.91232876712328), (1883, 20.20059880239521, 93.16167664670658), (1884, 39.88486842105263, 107.02302631578948), (1885, 34.56986301369863, 116.33424657534246), (1886, 25.876712328767123, 110.15342465753425), (1887, 33.416438356164385, 114.24109589041096), (1888, 15.068306010928962, 104.3688524590164), (1889, 32.038356164383565, 112.4931506849315)]
UPM00033976,[(1882, 101.21369863013699, 150.6), (1883, 48.14150943396226, 90.39150943396227), (1885, 101.17534246575343, 148.55890410958904)]
USC00046115,[(1888, 175.22282608695653, 320.6358695652174), (1889, 145.0, 274.793427230047)]
USC00092475,[(1886, -22.0, 289.0)]
USC00174230,[(1885, -25.348837209302324, 57.252873563218394), (1886, 6.108882521489972, 112.81024096385542), (1887, -24.786713286713287, 75.11827956989248), (1888, -6.509578544061303, 74.6526717557252), (1889, 31.09667673716012, 116.67272727272727)]
USC00191097,[(1884, -26.216666666666665, 59.56666666666667), (1885, 38.87227414330218, 133.72530864197532), (1886, 41.17906336088154, 132.97796143250687), (1887, 41.460055096418735, 132.12983425414365), (1888, 33.37640449438202, 120.958217270195), (1889, 52.11363636363637, 136.90027700831024)]
USC00194012,[(1885, 6.6878453038674035, 154.675), (1888, 27.401960784313726, 168.0033222591362)]
USC00194760,[(1885, 42.36986301369863, 129.07397260273973), (1886, 37.48559670781893, 121.65432098765432), (1887, -47.3728813559322, 38.260504201680675)]
USC00200032,[(1887, -42.794520547945204, 78.27027027027027), (1888, 9.364383561643836, 140.1639344262295), (1889, 6.372093023255814, 118.8543046357616)]
USC00278875,[(1885, 44.90217391304348, 150.2336956521739), (1886, -106.03389830508475, -32.13559322033898)]
USC00318500,[(1887, 21.622222222222224, 130.5888888888889)]
USC00383742,[(1884, 147.17757009345794, 286.55607476635515), (1885, 154.69021739130434, 283.6304347826087), (1886, 153.53658536585365, 291.8), (1887, 155.6611111111111, 296.3222222222222), (1888, 147.19626168224298, 281.06542056074767), (1889, 133.11267605633802, 262.51173708920186)]
USC00413270,[(1880, 71.58677685950413, 215.95867768595042)]
USC00431072,[(1883, null, -5.032258064516129), (1884, -66.7109375, 110.88709677419355), (1885, -92.90265486725664, 116.54573170731707), (1886, -65.1328125, 89.93928571428572), (1887, -73.12037037037037, 92.36531365313652), (1888, -83.29166666666667, 101.80124223602485), (1889, -44.408, 118.7109634551495)]
USC00462735,[(1889, 105.15217391304348, 166.54347826086956)]
USW00023068,[(1884, 64.97005988023952, 180.53592814371257), (1888, 59.680851063829785, 222.2127659574468), (1889, 34.632876712328766, 189.71506849315068)]
USW00024157,[(1889, 31.348684210526315, 149.05882352941177)]
USW00024274,[(1880, 61.568306010928964, 148.97540983606558), (1881, 74.21917808219177, 158.7780821917808), (1882, 69.46301369863014, 162.013698630137), (1883, 69.30684931506849, 165.14794520547946), (1884, 64.58743169398907, 164.23224043715848), (1885, 73.43013698630136, 189.44657534246576), (1886, 70.46027397260274, 171.4931506849315), (1887, 65.4986301369863, 162.06849315068493), (1888, 69.7568306010929, 173.1120218579235), (1889, 71.93424657534247, 181.4931506849315)]
