AGE00147713,[(1880, 79.93939393939394, 207.63287671232877), (1881, 79.34246575342466, 214.39178082191782), (1882, 69.0415512465374, 210.47619047619048), (1886, 97.62949640287769, 222.97491039426524), (1887, 82.69578313253012, 205.98159509202455), (1888, 74.66101694915254, 203.2130681818182), (1889, 69.1455938697318, 173.63636363636363)]
AJ000037735,[(1882, 96.55228758169935, 210.9346405228758)]
ASN00014016,[(1885, 230.3223880597015, 328.1283582089552), (1886, 237.48219178082192, 334.35616438356163), (1887, 227.14246575342466, 325.87397260273974), (1888, 234.3415300546448, 336.3224043715847), (1889, 240.53150684931506, 339.9972602739726)]
ASN00044022,[(1889, 116.39183673469388, 257.2887029288703)]
ASN00074128,[(1880, 85.58441558441558, 233.41479099678457), (1881, 77.69871794871794, 235.74679487179486), (1882, 85.4, 247.8483870967742), (1883, 83.86816720257235, 242.86495176848874), (1884, 75.37179487179488, 252.74358974358975), (1885, 76.87459807073955, 260.5176848874598), (1886, 69.2508038585209, 269.46945337620576), (1887, 77.68589743589743, 270.9392971246006), (1888, 67.95806451612903, 272.84565916398714), (1889, 84.60322580645162, 266.78709677419357)]
ASN00086071,[(1880, 99.3415300546448, 194.05191256830602), (1881, 95.26575342465753, 194.9150684931507), (1882, 95.13424657534246, 198.4849315068493), (1883, 97.67123287671232, 199.92054794520547), (1884, 92.66939890710383, 192.9016393442623), (1885, 95.03835616438356, 189.72602739726028), (1886, 90.45753424657535, 191.16712328767125), (1887, 99.77260273972603, 190.45753424657534), (1888, 92.98907103825137, 192.77868852459017), (1889, 99.66027397260274, 195.3095890410959)]
CA003032680,[(1885, 40.857142857142854, 173.06349206349208), (1886, -73.32727272727273, 65.50909090909092)]
CA003034480,[(1883, 63.56666666666667, 97.16666666666667), (1884, -19.391534391534393, 92.45081967213115), (1885, -17.134246575342466, 129.39178082191782), (1886, -18.898630136986302, 123.8986301369863), (1887, -39.20821917808219, 96.55616438356165), (1888, -23.120218579234972, 105.97814207650273), (1889, -8.558904109589042, 134.22739726027396)]
CA003072145,[(1880, -97.4153005464481, 50.22527472527472), (1881, -78.27123287671233, 59.843835616438355), (1882, -81.19263456090651, 70.77259475218659), (1884, -4.292887029288703, 141.5774058577406), (1886, -114.51461988304094, 34.771929824561404)]
CA004013400,[(1880, -278.11842105263156, -142.58441558441558)]
CA004016560,[(1883, -239.83870967741936, -107.35483870967742), (1884, -82.13661202185793, 52.275956284153004), (1885, -59.057534246575344, 75.0958904109589), (1886, -61.73424657534247, 77.21095890410959), (1887, -74.68767123287671, 61.36986301369863), (1888, -308.741935483871, -203.67741935483872)]
CA004028035,[(1885, -108.41935483870968, 1.8387096774193548), (1886, -36.55922865013774, 106.80716253443526), (1887, -54.09041095890411, 81.32328767123288), (1888, -45.978142076502735, 90.02185792349727), (1889, -31.065753424657533, 123.9013698630137)]
CA005030556,[(1889, 37.0, 82.46892655367232)]
CA0050520EE,[(1889, -184.55737704918033, null)]
CA005062047,[(1884, null, -45.0), (1885, -315.89230769230767, -215.3030303030303)]
CA006085023,[(1882, 88.64, 217.12), (1883, -95.42068965517241, 47.234482758620686), (1886, 17.48971193415638, 141.3827160493827), (1887, -47.83934426229508, 113.93548387096774), (1888, -35.21132075471698, 108.45136186770428), (1889, -38.403225806451616, 119.78453038674033)]
CA006105976,[(1889, -59.52459016393443, 13.950819672131148)]
CA006106362,[(1880, -8.404371584699453, 114.76229508196721), (1881, 1.4945054945054945, 122.85989010989012), (1882, -5.529085872576177, 110.35180055401662), (1883, -23.26795580110497, 99.43093922651934), (1884, -17.724719101123597, 106.73033707865169), (1885, -18.18732782369146, 103.0633608815427), (1886, -6.237430167597766, 108.9047619047619), (1887, -14.443835616438356, 109.0415512465374), (1888, -92.5031055900621, 25.012422360248447)]
CA006111375,[(1887, -51.12759643916914, 100.74794520547945), (1888, -44.704918032786885, 86.83879781420765), (1889, -20.18384401114206, 105.49025069637884)]
CA006142993,[(1880, 25.806010928961747, 128.34972677595627), (1881, 23.567123287671233, 132.27671232876713), (1882, 20.4, 125.36712328767123), (1883, 0.07417582417582418, 110.1456043956044), (1884, 11.92876712328767, 120.99178082191781), (1885, -1.0328767123287672, 105.44657534246575), (1886, 13.12054794520548, 121.44383561643835)]
CA006164430,[(1880, 11.304477611940298, 125.7641791044776), (1881, 3.83013698630137, 123.81369863013698), (1882, -0.6328767123287671, 113.94520547945206), (1883, -20.77900552486188, 97.59116022099448), (1884, -9.92054794520548, 113.1978021978022), (1885, -21.578082191780823, 98.69589041095891), (1886, -9.221917808219178, 113.05205479452054), (1887, -10.216438356164383, 116.14520547945206), (1888, -15.819672131147541, 105.44535519125684), (1889, 7.2027397260273975, 113.8986301369863)]
CA007016280,[(1880, -14.005464480874316, 90.32786885245902), (1881, -5.635616438356164, 91.45205479452055), (1882, -17.16986301369863, 81.94794520547946), (1883, -27.972602739726028, 74.45753424657535), (1884, -16.07123287671233, 77.83835616438355), (1885, -24.61917808219178, 72.4931506849315), (1886, -18.372602739726027, 80.73424657534247), (1887, -16.794520547945204, 75.6986301369863), (1888, -19.243169398907103, 66.53825136612022), (1889, 1.736986301369863, 85.73972602739725)]
CA007025280,[(1880, 10.734972677595628, 110.99180327868852), (1881, 20.589041095890412, 111.58082191780822), (1882, 12.953424657534246, 98.17808219178082), (1883, -1.9698630136986301, 89.47123287671234), (1884, 9.327868852459016, 98.06830601092896), (1885, -0.536986301369863, 86.04657534246576), (1886, 8.361643835616439, 97.23835616438356), (1887, 5.890410958904109, 95.64931506849315), (1888, 3.2240437158469946, 85.93989071038251), (1889, 21.704109589041096, 102.75890410958904)]
CA007050200,[(1880, 20.009615384615383, 96.90291262135922), (1881, -13.386430678466077, 49.32941176470588), (1882, -16.627397260273973, 44.4027397260274), (1883, -23.931506849315067, 34.88493150684931), (1884, -27.44808743169399, 30.524590163934427), (1885, -16.068493150684933, 37.97534246575343), (1886, -5.720547945205479, 49.608219178082194), (1887, -14.306849315068494, 40.01917808219178), (1888, -7.076502732240437, 47.59836065573771), (1889, -0.4849315068493151, 53.553424657534244)]
CA008101170,[(1880, -11.28, 89.25287356321839), (1881, -18.22316384180791, 73.91292134831461), (1882, -28.766016713091922, 75.79329608938548), (1883, -43.8756906077348, 63.649171270718234), (1884, -37.603305785123965, 64.73351648351648), (1885, -31.23463687150838, 54.29044117647059), (1886, -24.397759103641455, 82.37254901960785), (1887, -27.80979827089337, 77.05763688760807), (1888, -24.875, 72.86666666666666), (1889, -12.803370786516854, 91.76815642458101)]
CA008104500,[(1883, -47.5735294117647, 73.10958904109589)]
CA008205698,[(1880, -2.4562841530054644, 99.13387978142076), (1881, 7.673972602739726, 96.84109589041095), (1882, 3.43013698630137, 93.44657534246575), (1883, -3.2986301369863016, 96.9068493150685), (1884, 1.5765027322404372, 96.35245901639344), (1885, 3.3232876712328765, 102.23561643835616), (1886, 17.345205479452055, 110.81369863013698), (1887, 8.23013698630137, 103.04931506849314), (1888, 6.7349726775956285, 97.47814207650273), (1889, 24.824657534246576, 122.62191780821918)]
CA008300430,[(1889, 35.3, 122.68571428571428)]
CA008500500,[(1884, -9.974452554744525, 34.306569343065696), (1885, -23.159779614325068, 16.713498622589533), (1886, -26.054131054131055, 17.59259259259259), (1887, -38.31232876712329, 5.958904109589041), (1888, -37.79234972677595, 20.40983606557377), (1889, -24.21511627906977, 26.441860465116278)]
GM000004204,[(1880, 33.63661202185792, 149.81967213114754), (1881, 24.578082191780823, 130.9041095890411), (1882, 43.25479452054795, 141.05479452054794), (1883, 36.85205479452055, 134.2931506849315), (1884, 41.45355191256831, 140.35245901639345), (1885, 31.421917808219177, 132.4986301369863), (1886, 33.676712328767124, 138.3945205479452), (1887, 25.56986301369863, 123.42191780821918), (1888, 29.453551912568305, 127.34699453551913), (1889, 34.49315068493151, 129.04383561643834)]
GME00121258,[(1888, -10.229508196721312, 49.0655737704918), (1889, 42.26849315068493, 125.75616438356164)]
KZ000038198,[(1882, 99.70270270270271, null), (1883, 69.47887323943662, null)]
RSM00022550,[(1881, -17.97069597069597, 42.73260073260073), (1882, -10.113772455089821, 41.90718562874252), (1883, -7.616438356164384, 45.11506849315069), (1884, -31.76775956284153, 23.10655737704918), (1885, -32.81095890410959, 30.389041095890413), (1886, -11.715068493150685, 39.843835616438355), (1887, -17.073972602739726, 40.81095890410959), (1888, -40.10655737704918, 17.956284153005466), (1889, -8.016438356164384, 44.47123287671233)]
RSM00023711,[(1888, -66.14851485148515, null), (1889, -36.19867549668874, null)]
RSM00028275,[(1887, -149.8360655737705, null), (1888, -51.743169398907106, null), (1889, -49.99452054794521, null)]
USC00047738,[(1880, 109.67486338797814, 188.77322404371586), (1881, 117.14246575342466, 200.0027397260274), (1882, 115.23013698630137, 197.013698630137), (1883, 124.55068493150685, 205.0027397260274), (1884, 120.98087431693989, 200.827868852459), (1885, 129.3835616438356, 210.36986301369862), (1886, 125.16986301369863, 198.14520547945204), (1887, 123.27945205479452, 195.46027397260275), (1888, 131.82513661202185, 199.18032786885246), (1889, 127.40821917808219, 212.0109589041096)]
USC00053010,[(1880, -55.595628415300546, 127.71857923497268), (1881, -39.02465753424657, 124.25205479452055), (1882, -51.3013698630137, 133.97527472527472), (1883, -25.05263157894737, 130.8125)]
USC00190595,[(1885, 79.84210526315789, 165.40758293838863), (1886, -1.539906103286385, 81.67136150234742), (1887, -99.72413793103448, -14.11864406779661), (1888, 8.350819672131147, 94.11475409836065), (1889, 14.821138211382113, 83.89430894308943)]
USC00275997,[(1887, -25.663716814159294, 94.12389380530973), (1888, -0.7401315789473685, 124.875), (1889, 18.375, 141.11337209302326)]
USC00313228,[(1882, null, -27.0)]
USC00338366,[(1880, 69.26502732240438, 153.38524590163934), (1881, 70.3013698630137, 151.23013698630137), (1882, 66.42465753424658, 147.6821917808219), (1883, 47.66301369863014, 137.5945205479452), (1884, 55.69125683060109, 144.34972677595627), (1885, 40.25205479452055, 128.57260273972602), (1886, 40.88767123287671, 138.72328767123287), (1887, 46.0027397260274, 142.7945205479452), (1888, 39.459016393442624, 134.34699453551912), (1889, 53.441095890410956, 145.90684931506848)]
USW00013724,[(1880, 77.79508196721312, 157.9672131147541), (1881, 79.68767123287671, 150.9095890410959), (1882, 76.27671232876712, 149.94520547945206), (1883, 68.96438356164384, 143.73698630136985), (1884, 76.5327868852459, 152.38251366120218), (1885, 65.78630136986301, 145.06575342465754), (1886, 69.33972602739726, 148.01643835616437), (1887, 75.58356164383562, 150.2986301369863), (1888, 65.17213114754098, 143.77868852459017), (1889, 80.64657534246575, 146.2219178082192)]
USW00024128,[(1880, 2.9201183431952664, 172.28994082840237), (1881, 17.4, 173.41095890410958), (1882, 4.421917808219178, 159.96438356164384), (1883, -29.64457831325301, 123.53012048192771), (1884, -51.483870967741936, 66.3225806451613), (1885, 33.364383561643834, 180.7917808219178), (1886, 17.13150684931507, 177.4191780821918), (1887, 7.306849315068493, 178.73150684931508), (1888, 19.90983606557377, 178.39617486338798), (1889, 20.66849315068493, 179.0904109589041)]
USW00053919,[(1883, 151.36, 293.58152173913044), (1884, 153.56140350877192, 293.2083333333333), (1885, 172.93023255813952, 301.9022988505747), (1886, 174.6457142857143, 306.1333333333333), (1887, 118.45238095238095, 316.3809523809524), (1888, 116.6875, 242.25), (1889, 103.90322580645162, 257.06451612903226)]
USW00093852,[(1880, 174.2295081967213, 259.0136612021858), (1881, 173.5917808219178, 257.9013698630137), (1882, 174.90684931506848, 258.6082191780822), (1883, 175.6931506849315, 260.7917808219178), (1884, 167.94808743169398, 255.37158469945356), (1885, 159.42191780821918, 247.27671232876713), (1886, 155.86575342465753, 245.43561643835616), (1887, 155.53424657534248, 252.73150684931508), (1888, 159.4808743169399, 257.344262295082), (1889, 151.2931506849315, 253.62465753424658)]
UZM00038618,[(1881, -9.8, null), (1882, 55.016666666666666, null), (1883, 68.41643835616438, null), (1884, 65.8224043715847, null), (1888, 83.08743169398907, null), (1889, 64.32054794520548, null)]
