AGE00147709,[(1884, 95.11748633879782, 189.33018867924528), (1885, 97.69041095890411, 197.72754491017963), (1886, 96.87671232876713, 182.85555555555555), (1887, 96.2958904109589, 183.53424657534248), (1888, 97.2967032967033, 176.82967032967034), (1889, 90.91445427728614, 174.68208092485548)]
AGE00147718,[(1880, 147.88251366120218, 306.6078431372549), (1881, 157.99701492537312, 283.8123076923077), (1882, 139.66575342465754, 271.7698630136986), (1883, 127.04109589041096, 274.2225433526012), (1885, 147.18662952646238, 270.0640668523677), (1886, 145.8598901098901, 266.3924418604651), (1887, 142.98076923076923, 268.5665722379603), (1888, 152.98333333333332, 277.3388888888889), (1889, 145.0904109589041, 268.71625344352617)]
ASN00035027,[(1889, 193.8860759493671, 319.7037037037037)]
ASN00076077,[(1889, 96.86138613861387, 225.26237623762376)]
CA005010977,[(1889, -45.23835616438356, 83.82465753424657)]
CA005023243,[(1880, -65.84426229508196, 57.47540983606557), (1881, -58.49315068493151, 71.68767123287671), (1882, -50.40821917808219, 72.06575342465753), (1883, -80.62191780821918, 47.45753424657534), (1884, -65.04371584699453, 44.095628415300546), (1885, -61.8986301369863, 60.47123287671233), (1886, -60.81369863013698, 75.83287671232877), (1887, -73.5041095890411, 63.92054794520548), (1888, -62.30327868852459, 64.80874316939891), (1889, -45.14520547945205, 92.34246575342466)]
CA006110605,[(1880, -17.1775956284153, 104.93442622950819), (1881, -12.126027397260273, 116.79178082191781), (1882, -18.528767123287672, 103.2986301369863), (1883, -38.99178082191781, 84.86301369863014), (1884, -22.3551912568306, 95.34520547945205), (1885, -32.0986301369863, 80.13424657534246), (1886, -21.421917808219177, 92.67671232876712), (1887, -26.257534246575343, 97.28219178082192), (1888, -26.595628415300546, 84.10928961748634), (1889, -1.5178082191780822, 102.88493150684931)]
CA006112171,[(1882, 13.204918032786885, 94.48360655737704), (1883, -0.7890410958904109, 85.69315068493151), (1884, 11.221917808219178, 101.10684931506849), (1885, -2.304109589041096, 86.47802197802197), (1886, 10.537396121883656, 103.06060606060606), (1887, 9.069832402234637, 106.05263157894737), (1888, -1.5534246575342465, 93.4532967032967), (1889, 18.220055710306408, 111.6340782122905)]
CA006127887,[(1880, 18.505494505494507, 113.56593406593407), (1881, 14.786301369863013, 114.87123287671233), (1882, 16.34794520547945, 114.30958904109589), (1883, -5.586301369863014, 96.04657534246576), (1884, 3.379781420765027, 106.20765027322405), (1885, -10.027397260273972, 91.7068493150685), (1886, 9.504109589041096, 103.09041095890412), (1887, 5.071232876712329, 105.65205479452055), (1888, 0.6885245901639344, 95.17486338797814), (1889, 21.457534246575342, 113.58904109589041)]
CA006136643,[(1880, 40.46448087431694, 121.37978142076503), (1881, 38.63835616438356, 125.37808219178082), (1882, 39.36164383561644, 120.38356164383562), (1883, 19.12054794520548, 104.81369863013698), (1884, 30.7103825136612, 112.6256830601093), (1885, 16.517808219178082, 102.73150684931507), (1886, 29.235616438356164, 113.4958904109589), (1887, 29.764383561643836, 123.63013698630137), (1888, 20.93169398907104, 112.16666666666667), (1889, 39.15890410958904, 130.54520547945205)]
CA006137147,[(1885, -12.209302325581396, 69.23529411764706), (1886, 16.284122562674096, 129.47353760445682), (1887, 17.754820936639117, 132.54820936639118), (1888, 6.549180327868853, 121.8360655737705), (1889, 24.052054794520547, 138.0082191780822)]
CA006143780,[(1880, -35.15533980582524, 59.22018348623853), (1881, 27.395833333333332, 128.03424657534248), (1887, -51.77777777777778, 35.28169014084507), (1888, 7.5182926829268295, 121.52134146341463)]
CA008103100,[(1881, 50.29447852760736, 112.37423312883436), (1882, -90.08403361344538, -22.361344537815125)]
CA008200300,[(1880, -15.714776632302405, 96.01027397260275), (1881, -3.6955128205128207, 103.0576923076923), (1882, 22.965986394557824, 103.61754385964912), (1883, -26.395061728395063, 83.82644628099173), (1884, -2.5532646048109964, 106.42268041237114), (1885, -111.72093023255815, 3.011627906976744)]
CE000434730,[(1880, 97.69850746268656, 187.34328358208955), (1881, 99.93956043956044, 201.64835164835165), (1882, 101.16438356164383, 190.82465753424657), (1883, 99.73424657534247, 193.04109589041096), (1884, 94.50546448087432, 194.4945355191257), (1885, 98.83791208791209, 198.40384615384616), (1886, 101.28767123287672, 196.94505494505495), (1887, 95.95616438356164, 193.94246575342467), (1888, 98.73770491803279, 205.29508196721312), (1889, 103.19834710743801, 209.74794520547945)]
EGE00147732,[(1884, 131.21311475409837, 267.0659340659341), (1885, 155.81643835616438, 272.23835616438356), (1886, 155.03296703296704, 269.69505494505495), (1887, 160.44383561643835, 278.4356164383562), (1888, 159.10382513661202, 274.672131147541), (1889, 157.96164383561643, 277.34520547945203)]
GM000002698,[(1880, 57.15573770491803, 142.3087431693989), (1881, 53.40821917808219, 137.7041095890411), (1882, 58.087671232876716, 137.28493150684932), (1883, 58.701369863013696, 136.61917808219178), (1884, 62.89890710382514, 146.99180327868854), (1885, 51.3041095890411, 138.43561643835616), (1886, 56.032876712328765, 144.46301369863014), (1887, 38.69315068493151, 128.96986301369864), (1888, 46.0792349726776, 126.95081967213115), (1889, 54.81369863013698, 128.91780821917808)]
HRE00105189,[(1880, 131.36338797814207, 192.9344262295082), (1881, 127.56712328767124, 188.7972602739726), (1882, 134.27123287671233, 200.06849315068493), (1883, 128.37808219178083, 193.7917808219178), (1884, 126.95081967213115, 194.35245901639345), (1885, 136.07671232876712, 200.44109589041096), (1886, 135.986301369863, 200.75068493150684), (1887, 130.7068493150685, 199.04657534246576), (1888, 126.94535519125684, null), (1889, 108.74585635359117, null)]
ITE00100550,[(1880, 97.45901639344262, 177.78415300546447), (1881, 110.18356164383562, 160.73150684931508), (1882, 102.42465753424658, 176.48219178082192), (1883, 100.73698630136987, 163.33424657534246), (1884, 102.62021857923497, 166.47540983606558), (1885, 102.2986301369863, 167.05205479452056), (1886, 95.1041095890411, 173.81917808219177), (1887, 97.1013698630137, 167.03835616438357), (1888, 92.33879781420765, 170.06284153005464), (1889, 96.7013698630137, 167.58904109589042)]
RSM00024959,[(1888, 9.462962962962964, 127.97619047619048), (1889, -110.3490909090909, null)]
RSM00027857,[(1881, -29.468842729970326, null), (1882, -7.542465753424658, null), (1883, -11.347945205479451, null), (1884, -21.366120218579233, null), (1887, -7.6876712328767125, null)]
RSM00034110,[(1889, 0.17796610169491525, 83.17796610169492)]
UPM00033946,[(1886, 87.04081632653062, null), (1887, 58.667655786350146, null), (1888, 51.885714285714286, null), (1889, 57.970238095238095, null)]
USC00035754,[(1884, 203.66417910447763, 299.2631578947368), (1885, 206.44871794871796, 315.716814159292), (1886, 182.11363636363637, 309.2134831460674), (1887, 181.53521126760563, 311.07042253521126), (1888, 185.86754966887418, 308.921568627451), (1889, 156.71354166666666, 270.130890052356)]
USC00065445,[(1884, -44.40816326530612, 36.208333333333336), (1885, 2.643835616438356, 113.20547945205479), (1886, 16.52054794520548, 122.73972602739725), (1887, -105.45762711864407, -10.322033898305085)]
USC00194875,[(1885, 7.558904109589041, 136.33698630136988), (1886, 13.24931506849315, 142.2821917808219), (1887, 15.819178082191781, 142.35616438356163), (1888, 7.254098360655738, 131.3169398907104), (1889, 40.49258160237389, 160.4807121661721)]
USC00262383,[(1889, 121.44351464435147, 251.35537190082644)]
USC00269430,[(1889, 120.91358024691358, 246.52469135802468)]
USC00270690,[(1886, 11.895238095238096, 162.5528846153846), (1887, -29.22099447513812, 123.35714285714286), (1888, -29.629834254143645, 104.12154696132596), (1889, 25.65568862275449, 146.64670658682635)]
USC00275712,[(1885, -10.945652173913043, 89.8913043478261), (1886, 21.852054794520548, 144.34520547945206), (1887, 19.70958904109589, 137.63835616438357), (1888, 17.16716417910448, 135.17611940298508), (1889, 35.8054794520548, 148.64931506849314)]
USC00278854,[(1885, 42.840375586854464, 160.11057692307693), (1886, 0.949438202247191, 113.87845303867404), (1887, 5.88515406162465, 111.17058823529412), (1888, -15.397553516819572, 105.18983050847457), (1889, 14.927007299270073, 112.61924686192468)]
USC00316103,[(1882, 124.78260869565217, null)]
USC00319191,[(1883, 139.50467289719626, 230.47142857142856), (1887, 12.172413793103448, 117.79310344827586), (1888, 88.59228650137742, 206.11845730027548), (1889, 94.08611111111111, 202.8060941828255)]
USC00463100,[(1882, -14.107142857142858, 97.78571428571429)]
USW00014971,[(1883, 103.61904761904762, 194.45539906103286), (1886, -23.824175824175825, 92.86813186813187), (1887, -76.07883817427386, 98.51666666666667), (1888, 29.879781420765028, 152.224043715847), (1889, 30.79940119760479, 172.4311377245509)]
USW00093820,[(1887, -11.491803278688524, 95.09836065573771), (1888, 69.40947075208913, 176.12707182320443), (1889, 84.11428571428571, 180.5742857142857)]
